4288, 1
4289, 1
4290, 1
4291, 1
4292, 1
4293, 1
4294, 1
4295, 1
4296, 1
4297, 1
4298, 1
4299, 1
4300, 1
4301, 1
4302, 1
4303, 1
4304, 1
4305, 1
4306, 1
4307, 1
4308, 1
4309, 1
4310, 1
4311, 1
4312, 1
4313, 1
4314, 1
4315, 1
4316, 1
4317, 1
4318, 1
4319, 1
3424, 1
3425, 1
3426, 1
3427, 1
3428, 1
3429, 1
3430, 1
3431, 1
3432, 1
3433, 1
3434, 1
3435, 1
3436, 1
3437, 1
3438, 1
3439, 1
3440, 1
3441, 1
3442, 1
3443, 1
3444, 1
3445, 1
3446, 1
3447, 1
3448, 1
3449, 1
3450, 1
3451, 1
3452, 1
3453, 1
3454, 1
3455, 1
560, 1
561, 1
562, 1
563, 1
564, 1
565, 1
566, 1
567, 1
568, 1
569, 1
570, 1
571, 1
572, 1
573, 1
574, 1
575, 1
576, 1
577, 1
578, 1
579, 1
580, 1
581, 1
582, 1
583, 1
584, 1
585, 1
586, 1
587, 1
588, 1
589, 1
590, 1
591, 1
3360, 1
3361, 1
3362, 1
3363, 1
3364, 1
3365, 1
3366, 1
3367, 1
3368, 1
3369, 1
3370, 1
3371, 1
3372, 1
3373, 1
3374, 1
3375, 1
3376, 1
3377, 1
3378, 1
3379, 1
3380, 1
3381, 1
3382, 1
3383, 1
3384, 1
3385, 1
3386, 1
3387, 1
3388, 1
3389, 1
3390, 1
3391, 1
8992, 1
8993, 1
8994, 1
8995, 1
8996, 1
8997, 1
8998, 1
8999, 1
9000, 1
9001, 1
9002, 1
9003, 1
9004, 1
9005, 1
9006, 1
9007, 1
9008, 1
9009, 1
9010, 1
9011, 1
9012, 1
9013, 1
9014, 1
9015, 1
9016, 1
9017, 1
9018, 1
9019, 1
9020, 1
9021, 1
9022, 1
9023, 1
5376, 1
5377, 1
5378, 1
5379, 1
5380, 1
5381, 1
5382, 1
5383, 1
5384, 1
5385, 1
5386, 1
5387, 1
5388, 1
5389, 1
5390, 1
5391, 1
5392, 1
5393, 1
5394, 1
5395, 1
5396, 1
5397, 1
5398, 1
5399, 1
5400, 1
5401, 1
5402, 1
5403, 1
5404, 1
5405, 1
5406, 1
5407, 1
8384, 1
8385, 1
8386, 1
8387, 1
8388, 1
8389, 1
8390, 1
8391, 1
8392, 1
8393, 1
8394, 1
8395, 1
8396, 1
8397, 1
8398, 1
8399, 1
8400, 1
8401, 1
8402, 1
8403, 1
8404, 1
8405, 1
8406, 1
8407, 1
8408, 1
8409, 1
8410, 1
8411, 1
8412, 1
8413, 1
8414, 1
8415, 1
592, 1
593, 1
594, 1
595, 1
596, 1
597, 1
598, 1
599, 1
600, 1
601, 1
602, 1
603, 1
604, 1
605, 1
606, 1
607, 1
608, 1
609, 1
610, 1
611, 1
612, 1
613, 1
614, 1
615, 1
616, 1
617, 1
618, 1
619, 1
620, 1
621, 1
622, 1
623, 1
3072, 1
3073, 1
3074, 1
3075, 1
3076, 1
3077, 1
3078, 1
3079, 1
3080, 1
3081, 1
3082, 1
3083, 1
3084, 1
3085, 1
3086, 1
3087, 1
3088, 1
3089, 1
3090, 1
3091, 1
3092, 1
3093, 1
3094, 1
3095, 1
3096, 1
3097, 1
3098, 1
3099, 1
3100, 1
3101, 1
3102, 1
3103, 1
8192, 1
8193, 1
8194, 1
8195, 1
8196, 1
8197, 1
8198, 1
8199, 1
8200, 1
8201, 1
8202, 1
8203, 1
8204, 1
8205, 1
8206, 1
8207, 1
8208, 1
8209, 1
8210, 1
8211, 1
8212, 1
8213, 1
8214, 1
8215, 1
8216, 1
8217, 1
8218, 1
8219, 1
8220, 1
8221, 1
8222, 1
8223, 1
912, 1
913, 1
914, 1
915, 1
916, 1
917, 1
918, 1
919, 1
920, 1
921, 1
922, 1
923, 1
924, 1
925, 1
926, 1
927, 1
928, 1
929, 1
930, 1
931, 1
932, 1
933, 1
934, 1
935, 1
936, 1
937, 1
938, 1
939, 1
940, 1
941, 1
942, 1
943, 1
4000, 1
4001, 1
4002, 1
4003, 1
4004, 1
4005, 1
4006, 1
4007, 1
4008, 1
4009, 1
4010, 1
4011, 1
4012, 1
4013, 1
4014, 1
4015, 1
4016, 1
4017, 1
4018, 1
4019, 1
4020, 1
4021, 1
4022, 1
4023, 1
4024, 1
4025, 1
4026, 1
4027, 1
4028, 1
4029, 1
4030, 1
4031, 1
9648, 1
9649, 1
9650, 1
9651, 1
9652, 1
9653, 1
9654, 1
9655, 1
9656, 1
9657, 1
9658, 1
9659, 1
9660, 1
9661, 1
9662, 1
9663, 1
9664, 1
9665, 1
9666, 1
9667, 1
9668, 1
9669, 1
9670, 1
9671, 1
9672, 1
9673, 1
9674, 1
9675, 1
9676, 1
9677, 1
9678, 1
9679, 1
2736, 1
2737, 1
2738, 1
2739, 1
2740, 1
2741, 1
2742, 1
2743, 1
2744, 1
2745, 1
2746, 1
2747, 1
2748, 1
2749, 1
2750, 1
2751, 1
2752, 1
2753, 1
2754, 1
2755, 1
2756, 1
2757, 1
2758, 1
2759, 1
2760, 1
2761, 1
2762, 1
2763, 1
2764, 1
2765, 1
2766, 1
2767, 1
8144, 1
8145, 1
8146, 1
8147, 1
8148, 1
8149, 1
8150, 1
8151, 1
8152, 1
8153, 1
8154, 1
8155, 1
8156, 1
8157, 1
8158, 1
8159, 1
8160, 1
8161, 1
8162, 1
8163, 1
8164, 1
8165, 1
8166, 1
8167, 1
8168, 1
8169, 1
8170, 1
8171, 1
8172, 1
8173, 1
8174, 1
8175, 1
9120, 1
9121, 1
9122, 1
9123, 1
9124, 1
9125, 1
9126, 1
9127, 1
9128, 1
9129, 1
9130, 1
9131, 1
9132, 1
9133, 1
9134, 1
9135, 1
9136, 1
9137, 1
9138, 1
9139, 1
9140, 1
9141, 1
9142, 1
9143, 1
9144, 1
9145, 1
9146, 1
9147, 1
9148, 1
9149, 1
9150, 1
9151, 1
2688, 1
2689, 1
2690, 1
2691, 1
2692, 1
2693, 1
2694, 1
2695, 1
2696, 1
2697, 1
2698, 1
2699, 1
2700, 1
2701, 1
2702, 1
2703, 1
2704, 1
2705, 1
2706, 1
2707, 1
2708, 1
2709, 1
2710, 1
2711, 1
2712, 1
2713, 1
2714, 1
2715, 1
2716, 1
2717, 1
2718, 1
2719, 1
9520, 1
9521, 1
9522, 1
9523, 1
9524, 1
9525, 1
9526, 1
9527, 1
9528, 1
9529, 1
9530, 1
9531, 1
9532, 1
9533, 1
9534, 1
9535, 1
9536, 1
9537, 1
9538, 1
9539, 1
9540, 1
9541, 1
9542, 1
9543, 1
9544, 1
9545, 1
9546, 1
9547, 1
9548, 1
9549, 1
9550, 1
9551, 1
3264, 1
3265, 1
3266, 1
3267, 1
3268, 1
3269, 1
3270, 1
3271, 1
3272, 1
3273, 1
3274, 1
3275, 1
3276, 1
3277, 1
3278, 1
3279, 1
3280, 1
3281, 1
3282, 1
3283, 1
3284, 1
3285, 1
3286, 1
3287, 1
3288, 1
3289, 1
3290, 1
3291, 1
3292, 1
3293, 1
3294, 1
3295, 1
7328, 1
7329, 1
7330, 1
7331, 1
7332, 1
7333, 1
7334, 1
7335, 1
7336, 1
7337, 1
7338, 1
7339, 1
7340, 1
7341, 1
7342, 1
7343, 1
7344, 1
7345, 1
7346, 1
7347, 1
7348, 1
7349, 1
7350, 1
7351, 1
7352, 1
7353, 1
7354, 1
7355, 1
7356, 1
7357, 1
7358, 1
7359, 1
6016, 1
6017, 1
6018, 1
6019, 1
6020, 1
6021, 1
6022, 1
6023, 1
6024, 1
6025, 1
6026, 1
6027, 1
6028, 1
6029, 1
6030, 1
6031, 1
6032, 1
6033, 1
6034, 1
6035, 1
6036, 1
6037, 1
6038, 1
6039, 1
6040, 1
6041, 1
6042, 1
6043, 1
6044, 1
6045, 1
6046, 1
6047, 1
5280, 1
5281, 1
5282, 1
5283, 1
5284, 1
5285, 1
5286, 1
5287, 1
5288, 1
5289, 1
5290, 1
5291, 1
5292, 1
5293, 1
5294, 1
5295, 1
5296, 1
5297, 1
5298, 1
5299, 1
5300, 1
5301, 1
5302, 1
5303, 1
5304, 1
5305, 1
5306, 1
5307, 1
5308, 1
5309, 1
5310, 1
5311, 1
720, 1
721, 1
722, 1
723, 1
724, 1
725, 1
726, 1
727, 1
728, 1
729, 1
730, 1
731, 1
732, 1
733, 1
734, 1
735, 1
736, 1
737, 1
738, 1
739, 1
740, 1
741, 1
742, 1
743, 1
744, 1
745, 1
746, 1
747, 1
748, 1
749, 1
750, 1
751, 1
1504, 1
1505, 1
1506, 1
1507, 1
1508, 1
1509, 1
1510, 1
1511, 1
1512, 1
1513, 1
1514, 1
1515, 1
1516, 1
1517, 1
1518, 1
1519, 1
1520, 1
1521, 1
1522, 1
1523, 1
1524, 1
1525, 1
1526, 1
1527, 1
1528, 1
1529, 1
1530, 1
1531, 1
1532, 1
1533, 1
1534, 1
1535, 1
8112, 1
8113, 1
8114, 1
8115, 1
8116, 1
8117, 1
8118, 1
8119, 1
8120, 1
8121, 1
8122, 1
8123, 1
8124, 1
8125, 1
8126, 1
8127, 1
8128, 1
8129, 1
8130, 1
8131, 1
8132, 1
8133, 1
8134, 1
8135, 1
8136, 1
8137, 1
8138, 1
8139, 1
8140, 1
8141, 1
8142, 1
8143, 1
5248, 1
5249, 1
5250, 1
5251, 1
5252, 1
5253, 1
5254, 1
5255, 1
5256, 1
5257, 1
5258, 1
5259, 1
5260, 1
5261, 1
5262, 1
5263, 1
5264, 1
5265, 1
5266, 1
5267, 1
5268, 1
5269, 1
5270, 1
5271, 1
5272, 1
5273, 1
5274, 1
5275, 1
5276, 1
5277, 1
5278, 1
5279, 1
2672, 1
2673, 1
2674, 1
2675, 1
2676, 1
2677, 1
2678, 1
2679, 1
2680, 1
2681, 1
2682, 1
2683, 1
2684, 1
2685, 1
2686, 1
2687, 1
2688, 1
2689, 1
2690, 1
2691, 1
2692, 1
2693, 1
2694, 1
2695, 1
2696, 1
2697, 1
2698, 1
2699, 1
2700, 1
2701, 1
2702, 1
2703, 1
3520, 1
3521, 1
3522, 1
3523, 1
3524, 1
3525, 1
3526, 1
3527, 1
3528, 1
3529, 1
3530, 1
3531, 1
3532, 1
3533, 1
3534, 1
3535, 1
3536, 1
3537, 1
3538, 1
3539, 1
3540, 1
3541, 1
3542, 1
3543, 1
3544, 1
3545, 1
3546, 1
3547, 1
3548, 1
3549, 1
3550, 1
3551, 1
7984, 1
7985, 1
7986, 1
7987, 1
7988, 1
7989, 1
7990, 1
7991, 1
7992, 1
7993, 1
7994, 1
7995, 1
7996, 1
7997, 1
7998, 1
7999, 1
8000, 1
8001, 1
8002, 1
8003, 1
8004, 1
8005, 1
8006, 1
8007, 1
8008, 1
8009, 1
8010, 1
8011, 1
8012, 1
8013, 1
8014, 1
8015, 1
3040, 1
3041, 1
3042, 1
3043, 1
3044, 1
3045, 1
3046, 1
3047, 1
3048, 1
3049, 1
3050, 1
3051, 1
3052, 1
3053, 1
3054, 1
3055, 1
3056, 1
3057, 1
3058, 1
3059, 1
3060, 1
3061, 1
3062, 1
3063, 1
3064, 1
3065, 1
3066, 1
3067, 1
3068, 1
3069, 1
3070, 1
3071, 1
736, 1
737, 1
738, 1
739, 1
740, 1
741, 1
742, 1
743, 1
744, 1
745, 1
746, 1
747, 1
748, 1
749, 1
750, 1
751, 1
752, 1
753, 1
754, 1
755, 1
756, 1
757, 1
758, 1
759, 1
760, 1
761, 1
762, 1
763, 1
764, 1
765, 1
766, 1
767, 1
3056, 1
3057, 1
3058, 1
3059, 1
3060, 1
3061, 1
3062, 1
3063, 1
3064, 1
3065, 1
3066, 1
3067, 1
3068, 1
3069, 1
3070, 1
3071, 1
3072, 1
3073, 1
3074, 1
3075, 1
3076, 1
3077, 1
3078, 1
3079, 1
3080, 1
3081, 1
3082, 1
3083, 1
3084, 1
3085, 1
3086, 1
3087, 1
5920, 1
5921, 1
5922, 1
5923, 1
5924, 1
5925, 1
5926, 1
5927, 1
5928, 1
5929, 1
5930, 1
5931, 1
5932, 1
5933, 1
5934, 1
5935, 1
5936, 1
5937, 1
5938, 1
5939, 1
5940, 1
5941, 1
5942, 1
5943, 1
5944, 1
5945, 1
5946, 1
5947, 1
5948, 1
5949, 1
5950, 1
5951, 1
7200, 1
7201, 1
7202, 1
7203, 1
7204, 1
7205, 1
7206, 1
7207, 1
7208, 1
7209, 1
7210, 1
7211, 1
7212, 1
7213, 1
7214, 1
7215, 1
7216, 1
7217, 1
7218, 1
7219, 1
7220, 1
7221, 1
7222, 1
7223, 1
7224, 1
7225, 1
7226, 1
7227, 1
7228, 1
7229, 1
7230, 1
7231, 1
1360, 1
1361, 1
1362, 1
1363, 1
1364, 1
1365, 1
1366, 1
1367, 1
1368, 1
1369, 1
1370, 1
1371, 1
1372, 1
1373, 1
1374, 1
1375, 1
1376, 1
1377, 1
1378, 1
1379, 1
1380, 1
1381, 1
1382, 1
1383, 1
1384, 1
1385, 1
1386, 1
1387, 1
1388, 1
1389, 1
1390, 1
1391, 1
7264, 1
7265, 1
7266, 1
7267, 1
7268, 1
7269, 1
7270, 1
7271, 1
7272, 1
7273, 1
7274, 1
7275, 1
7276, 1
7277, 1
7278, 1
7279, 1
7280, 1
7281, 1
7282, 1
7283, 1
7284, 1
7285, 1
7286, 1
7287, 1
7288, 1
7289, 1
7290, 1
7291, 1
7292, 1
7293, 1
7294, 1
7295, 1
7168, 1
7169, 1
7170, 1
7171, 1
7172, 1
7173, 1
7174, 1
7175, 1
7176, 1
7177, 1
7178, 1
7179, 1
7180, 1
7181, 1
7182, 1
7183, 1
7184, 1
7185, 1
7186, 1
7187, 1
7188, 1
7189, 1
7190, 1
7191, 1
7192, 1
7193, 1
7194, 1
7195, 1
7196, 1
7197, 1
7198, 1
7199, 1
1264, 1
1265, 1
1266, 1
1267, 1
1268, 1
1269, 1
1270, 1
1271, 1
1272, 1
1273, 1
1274, 1
1275, 1
1276, 1
1277, 1
1278, 1
1279, 1
1280, 1
1281, 1
1282, 1
1283, 1
1284, 1
1285, 1
1286, 1
1287, 1
1288, 1
1289, 1
1290, 1
1291, 1
1292, 1
1293, 1
1294, 1
1295, 1
2496, 1
2497, 1
2498, 1
2499, 1
2500, 1
2501, 1
2502, 1
2503, 1
2504, 1
2505, 1
2506, 1
2507, 1
2508, 1
2509, 1
2510, 1
2511, 1
2512, 1
2513, 1
2514, 1
2515, 1
2516, 1
2517, 1
2518, 1
2519, 1
2520, 1
2521, 1
2522, 1
2523, 1
2524, 1
2525, 1
2526, 1
2527, 1
9440, 1
9441, 1
9442, 1
9443, 1
9444, 1
9445, 1
9446, 1
9447, 1
9448, 1
9449, 1
9450, 1
9451, 1
9452, 1
9453, 1
9454, 1
9455, 1
9456, 1
9457, 1
9458, 1
9459, 1
9460, 1
9461, 1
9462, 1
9463, 1
9464, 1
9465, 1
9466, 1
9467, 1
9468, 1
9469, 1
9470, 1
9471, 1
9472, 1
9473, 1
9474, 1
9475, 1
9476, 1
9477, 1
9478, 1
9479, 1
9480, 1
9481, 1
9482, 1
9483, 1
9484, 1
9485, 1
9486, 1
9487, 1
9488, 1
9489, 1
9490, 1
9491, 1
9492, 1
9493, 1
9494, 1
9495, 1
9496, 1
9497, 1
9498, 1
9499, 1
9500, 1
9501, 1
9502, 1
9503, 1
6400, 1
6401, 1
6402, 1
6403, 1
6404, 1
6405, 1
6406, 1
6407, 1
6408, 1
6409, 1
6410, 1
6411, 1
6412, 1
6413, 1
6414, 1
6415, 1
6416, 1
6417, 1
6418, 1
6419, 1
6420, 1
6421, 1
6422, 1
6423, 1
6424, 1
6425, 1
6426, 1
6427, 1
6428, 1
6429, 1
6430, 1
6431, 1
6496, 1
6497, 1
6498, 1
6499, 1
6500, 1
6501, 1
6502, 1
6503, 1
6504, 1
6505, 1
6506, 1
6507, 1
6508, 1
6509, 1
6510, 1
6511, 1
6512, 1
6513, 1
6514, 1
6515, 1
6516, 1
6517, 1
6518, 1
6519, 1
6520, 1
6521, 1
6522, 1
6523, 1
6524, 1
6525, 1
6526, 1
6527, 1
2400, 1
2401, 1
2402, 1
2403, 1
2404, 1
2405, 1
2406, 1
2407, 1
2408, 1
2409, 1
2410, 1
2411, 1
2412, 1
2413, 1
2414, 1
2415, 1
2416, 1
2417, 1
2418, 1
2419, 1
2420, 1
2421, 1
2422, 1
2423, 1
2424, 1
2425, 1
2426, 1
2427, 1
2428, 1
2429, 1
2430, 1
2431, 1
112, 1
113, 1
114, 1
115, 1
116, 1
117, 1
118, 1
119, 1
120, 1
121, 1
122, 1
123, 1
124, 1
125, 1
126, 1
127, 1
128, 1
129, 1
130, 1
131, 1
132, 1
133, 1
134, 1
135, 1
136, 1
137, 1
138, 1
139, 1
140, 1
141, 1
142, 1
143, 1
5408, 1
5409, 1
5410, 1
5411, 1
5412, 1
5413, 1
5414, 1
5415, 1
5416, 1
5417, 1
5418, 1
5419, 1
5420, 1
5421, 1
5422, 1
5423, 1
5424, 1
5425, 1
5426, 1
5427, 1
5428, 1
5429, 1
5430, 1
5431, 1
5432, 1
5433, 1
5434, 1
5435, 1
5436, 1
5437, 1
5438, 1
5439, 1
80, 1
81, 1
82, 1
83, 1
84, 1
85, 1
86, 1
87, 1
88, 1
89, 1
90, 1
91, 1
92, 1
93, 1
94, 1
95, 1
96, 1
97, 1
98, 1
99, 1
100, 1
101, 1
102, 1
103, 1
104, 1
105, 1
106, 1
107, 1
108, 1
109, 1
110, 1
111, 1
4272, 1
4273, 1
4274, 1
4275, 1
4276, 1
4277, 1
4278, 1
4279, 1
4280, 1
4281, 1
4282, 1
4283, 1
4284, 1
4285, 1
4286, 1
4287, 1
4288, 1
4289, 1
4290, 1
4291, 1
4292, 1
4293, 1
4294, 1
4295, 1
4296, 1
4297, 1
4298, 1
4299, 1
4300, 1
4301, 1
4302, 1
4303, 1
2336, 1
2337, 1
2338, 1
2339, 1
2340, 1
2341, 1
2342, 1
2343, 1
2344, 1
2345, 1
2346, 1
2347, 1
2348, 1
2349, 1
2350, 1
2351, 1
2352, 1
2353, 1
2354, 1
2355, 1
2356, 1
2357, 1
2358, 1
2359, 1
2360, 1
2361, 1
2362, 1
2363, 1
2364, 1
2365, 1
2366, 1
2367, 1
9536, 1
9537, 1
9538, 1
9539, 1
9540, 1
9541, 1
9542, 1
9543, 1
9544, 1
9545, 1
9546, 1
9547, 1
9548, 1
9549, 1
9550, 1
9551, 1
9552, 1
9553, 1
9554, 1
9555, 1
9556, 1
9557, 1
9558, 1
9559, 1
9560, 1
9561, 1
9562, 1
9563, 1
9564, 1
9565, 1
9566, 1
9567, 1
352, 1
353, 1
354, 1
355, 1
356, 1
357, 1
358, 1
359, 1
360, 1
361, 1
362, 1
363, 1
364, 1
365, 1
366, 1
367, 1
368, 1
369, 1
370, 1
371, 1
372, 1
373, 1
374, 1
375, 1
376, 1
377, 1
378, 1
379, 1
380, 1
381, 1
382, 1
383, 1
9984, 1
9985, 1
9986, 1
9987, 1
9988, 1
9989, 1
9990, 1
9991, 1
9992, 1
9993, 1
9994, 1
9995, 1
9996, 1
9997, 1
9998, 1
9999, 1
0, 1
1, 1
2, 1
3, 1
4, 1
5, 1
6, 1
7, 1
8, 1
9, 1
10, 1
11, 1
12, 1
13, 1
14, 1
15, 1
2368, 1
2369, 1
2370, 1
2371, 1
2372, 1
2373, 1
2374, 1
2375, 1
2376, 1
2377, 1
2378, 1
2379, 1
2380, 1
2381, 1
2382, 1
2383, 1
2384, 1
2385, 1
2386, 1
2387, 1
2388, 1
2389, 1
2390, 1
2391, 1
2392, 1
2393, 1
2394, 1
2395, 1
2396, 1
2397, 1
2398, 1
2399, 1
256, 1
257, 1
258, 1
259, 1
260, 1
261, 1
262, 1
263, 1
264, 1
265, 1
266, 1
267, 1
268, 1
269, 1
270, 1
271, 1
272, 1
273, 1
274, 1
275, 1
276, 1
277, 1
278, 1
279, 1
280, 1
281, 1
282, 1
283, 1
284, 1
285, 1
286, 1
287, 1
6208, 1
6209, 1
6210, 1
6211, 1
6212, 1
6213, 1
6214, 1
6215, 1
6216, 1
6217, 1
6218, 1
6219, 1
6220, 1
6221, 1
6222, 1
6223, 1
6224, 1
6225, 1
6226, 1
6227, 1
6228, 1
6229, 1
6230, 1
6231, 1
6232, 1
6233, 1
6234, 1
6235, 1
6236, 1
6237, 1
6238, 1
6239, 1
9504, 1
9505, 1
9506, 1
9507, 1
9508, 1
9509, 1
9510, 1
9511, 1
9512, 1
9513, 1
9514, 1
9515, 1
9516, 1
9517, 1
9518, 1
9519, 1
9520, 1
9521, 1
9522, 1
9523, 1
9524, 1
9525, 1
9526, 1
9527, 1
9528, 1
9529, 1
9530, 1
9531, 1
9532, 1
9533, 1
9534, 1
9535, 1
1648, 1
1649, 1
1650, 1
1651, 1
1652, 1
1653, 1
1654, 1
1655, 1
1656, 1
1657, 1
1658, 1
1659, 1
1660, 1
1661, 1
1662, 1
1663, 1
1664, 1
1665, 1
1666, 1
1667, 1
1668, 1
1669, 1
1670, 1
1671, 1
1672, 1
1673, 1
1674, 1
1675, 1
1676, 1
1677, 1
1678, 1
1679, 1
5552, 1
5553, 1
5554, 1
5555, 1
5556, 1
5557, 1
5558, 1
5559, 1
5560, 1
5561, 1
5562, 1
5563, 1
5564, 1
5565, 1
5566, 1
5567, 1
5568, 1
5569, 1
5570, 1
5571, 1
5572, 1
5573, 1
5574, 1
5575, 1
5576, 1
5577, 1
5578, 1
5579, 1
5580, 1
5581, 1
5582, 1
5583, 1
3040, 1
3041, 1
3042, 1
3043, 1
3044, 1
3045, 1
3046, 1
3047, 1
3048, 1
3049, 1
3050, 1
3051, 1
3052, 1
3053, 1
3054, 1
3055, 1
3056, 1
3057, 1
3058, 1
3059, 1
3060, 1
3061, 1
3062, 1
3063, 1
3064, 1
3065, 1
3066, 1
3067, 1
3068, 1
3069, 1
3070, 1
3071, 1
3568, 1
3569, 1
3570, 1
3571, 1
3572, 1
3573, 1
3574, 1
3575, 1
3576, 1
3577, 1
3578, 1
3579, 1
3580, 1
3581, 1
3582, 1
3583, 1
3584, 1
3585, 1
3586, 1
3587, 1
3588, 1
3589, 1
3590, 1
3591, 1
3592, 1
3593, 1
3594, 1
3595, 1
3596, 1
3597, 1
3598, 1
3599, 1
3600, 1
3601, 1
3602, 1
3603, 1
3604, 1
3605, 1
3606, 1
3607, 1
3608, 1
3609, 1
3610, 1
3611, 1
3612, 1
3613, 1
3614, 1
3615, 1
3616, 1
3617, 1
3618, 1
3619, 1
3620, 1
3621, 1
3622, 1
3623, 1
3624, 1
3625, 1
3626, 1
3627, 1
3628, 1
3629, 1
3630, 1
3631, 1
2880, 1
2881, 1
2882, 1
2883, 1
2884, 1
2885, 1
2886, 1
2887, 1
2888, 1
2889, 1
2890, 1
2891, 1
2892, 1
2893, 1
2894, 1
2895, 1
2896, 1
2897, 1
2898, 1
2899, 1
2900, 1
2901, 1
2902, 1
2903, 1
2904, 1
2905, 1
2906, 1
2907, 1
2908, 1
2909, 1
2910, 1
2911, 1
4736, 1
4737, 1
4738, 1
4739, 1
4740, 1
4741, 1
4742, 1
4743, 1
4744, 1
4745, 1
4746, 1
4747, 1
4748, 1
4749, 1
4750, 1
4751, 1
4752, 1
4753, 1
4754, 1
4755, 1
4756, 1
4757, 1
4758, 1
4759, 1
4760, 1
4761, 1
4762, 1
4763, 1
4764, 1
4765, 1
4766, 1
4767, 1
7008, 1
7009, 1
7010, 1
7011, 1
7012, 1
7013, 1
7014, 1
7015, 1
7016, 1
7017, 1
7018, 1
7019, 1
7020, 1
7021, 1
7022, 1
7023, 1
7024, 1
7025, 1
7026, 1
7027, 1
7028, 1
7029, 1
7030, 1
7031, 1
7032, 1
7033, 1
7034, 1
7035, 1
7036, 1
7037, 1
7038, 1
7039, 1
2752, 1
2753, 1
2754, 1
2755, 1
2756, 1
2757, 1
2758, 1
2759, 1
2760, 1
2761, 1
2762, 1
2763, 1
2764, 1
2765, 1
2766, 1
2767, 1
2768, 1
2769, 1
2770, 1
2771, 1
2772, 1
2773, 1
2774, 1
2775, 1
2776, 1
2777, 1
2778, 1
2779, 1
2780, 1
2781, 1
2782, 1
2783, 1
3728, 1
3729, 1
3730, 1
3731, 1
3732, 1
3733, 1
3734, 1
3735, 1
3736, 1
3737, 1
3738, 1
3739, 1
3740, 1
3741, 1
3742, 1
3743, 1
3744, 1
3745, 1
3746, 1
3747, 1
3748, 1
3749, 1
3750, 1
3751, 1
3752, 1
3753, 1
3754, 1
3755, 1
3756, 1
3757, 1
3758, 1
3759, 1
7488, 1
7489, 1
7490, 1
7491, 1
7492, 1
7493, 1
7494, 1
7495, 1
7496, 1
7497, 1
7498, 1
7499, 1
7500, 1
7501, 1
7502, 1
7503, 1
7504, 1
7505, 1
7506, 1
7507, 1
7508, 1
7509, 1
7510, 1
7511, 1
7512, 1
7513, 1
7514, 1
7515, 1
7516, 1
7517, 1
7518, 1
7519, 1
5584, 1
5585, 1
5586, 1
5587, 1
5588, 1
5589, 1
5590, 1
5591, 1
5592, 1
5593, 1
5594, 1
5595, 1
5596, 1
5597, 1
5598, 1
5599, 1
5600, 1
5601, 1
5602, 1
5603, 1
5604, 1
5605, 1
5606, 1
5607, 1
5608, 1
5609, 1
5610, 1
5611, 1
5612, 1
5613, 1
5614, 1
5615, 1
4080, 1
4081, 1
4082, 1
4083, 1
4084, 1
4085, 1
4086, 1
4087, 1
4088, 1
4089, 1
4090, 1
4091, 1
4092, 1
4093, 1
4094, 1
4095, 1
4096, 1
4097, 1
4098, 1
4099, 1
4100, 1
4101, 1
4102, 1
4103, 1
4104, 1
4105, 1
4106, 1
4107, 1
4108, 1
4109, 1
4110, 1
4111, 1
4144, 1
4145, 1
4146, 1
4147, 1
4148, 1
4149, 1
4150, 1
4151, 1
4152, 1
4153, 1
4154, 1
4155, 1
4156, 1
4157, 1
4158, 1
4159, 1
4160, 1
4161, 1
4162, 1
4163, 1
4164, 1
4165, 1
4166, 1
4167, 1
4168, 1
4169, 1
4170, 1
4171, 1
4172, 1
4173, 1
4174, 1
4175, 1
2944, 1
2945, 1
2946, 1
2947, 1
2948, 1
2949, 1
2950, 1
2951, 1
2952, 1
2953, 1
2954, 1
2955, 1
2956, 1
2957, 1
2958, 1
2959, 1
2960, 1
2961, 1
2962, 1
2963, 1
2964, 1
2965, 1
2966, 1
2967, 1
2968, 1
2969, 1
2970, 1
2971, 1
2972, 1
2973, 1
2974, 1
2975, 1
9792, 1
9793, 1
9794, 1
9795, 1
9796, 1
9797, 1
9798, 1
9799, 1
9800, 1
9801, 1
9802, 1
9803, 1
9804, 1
9805, 1
9806, 1
9807, 1
9808, 1
9809, 1
9810, 1
9811, 1
9812, 1
9813, 1
9814, 1
9815, 1
9816, 1
9817, 1
9818, 1
9819, 1
9820, 1
9821, 1
9822, 1
9823, 1
6976, 1
6977, 1
6978, 1
6979, 1
6980, 1
6981, 1
6982, 1
6983, 1
6984, 1
6985, 1
6986, 1
6987, 1
6988, 1
6989, 1
6990, 1
6991, 1
6992, 1
6993, 1
6994, 1
6995, 1
6996, 1
6997, 1
6998, 1
6999, 1
7000, 1
7001, 1
7002, 1
7003, 1
7004, 1
7005, 1
7006, 1
7007, 1
4176, 1
4177, 1
4178, 1
4179, 1
4180, 1
4181, 1
4182, 1
4183, 1
4184, 1
4185, 1
4186, 1
4187, 1
4188, 1
4189, 1
4190, 1
4191, 1
4192, 1
4193, 1
4194, 1
4195, 1
4196, 1
4197, 1
4198, 1
4199, 1
4200, 1
4201, 1
4202, 1
4203, 1
4204, 1
4205, 1
4206, 1
4207, 1
480, 1
481, 1
482, 1
483, 1
484, 1
485, 1
486, 1
487, 1
488, 1
489, 1
490, 1
491, 1
492, 1
493, 1
494, 1
495, 1
496, 1
497, 1
498, 1
499, 1
500, 1
501, 1
502, 1
503, 1
504, 1
505, 1
506, 1
507, 1
508, 1
509, 1
510, 1
511, 1
288, 1
289, 1
290, 1
291, 1
292, 1
293, 1
294, 1
295, 1
296, 1
297, 1
298, 1
299, 1
300, 1
301, 1
302, 1
303, 1
304, 1
305, 1
306, 1
307, 1
308, 1
309, 1
310, 1
311, 1
312, 1
313, 1
314, 1
315, 1
316, 1
317, 1
318, 1
319, 1
448, 1
449, 1
450, 1
451, 1
452, 1
453, 1
454, 1
455, 1
456, 1
457, 1
458, 1
459, 1
460, 1
461, 1
462, 1
463, 1
464, 1
465, 1
466, 1
467, 1
468, 1
469, 1
470, 1
471, 1
472, 1
473, 1
474, 1
475, 1
476, 1
477, 1
478, 1
479, 1
4416, 1
4417, 1
4418, 1
4419, 1
4420, 1
4421, 1
4422, 1
4423, 1
4424, 1
4425, 1
4426, 1
4427, 1
4428, 1
4429, 1
4430, 1
4431, 1
4432, 1
4433, 1
4434, 1
4435, 1
4436, 1
4437, 1
4438, 1
4439, 1
4440, 1
4441, 1
4442, 1
4443, 1
4444, 1
4445, 1
4446, 1
4447, 1
2816, 1
2817, 1
2818, 1
2819, 1
2820, 1
2821, 1
2822, 1
2823, 1
2824, 1
2825, 1
2826, 1
2827, 1
2828, 1
2829, 1
2830, 1
2831, 1
2832, 1
2833, 1
2834, 1
2835, 1
2836, 1
2837, 1
2838, 1
2839, 1
2840, 1
2841, 1
2842, 1
2843, 1
2844, 1
2845, 1
2846, 1
2847, 1
2976, 1
2977, 1
2978, 1
2979, 1
2980, 1
2981, 1
2982, 1
2983, 1
2984, 1
2985, 1
2986, 1
2987, 1
2988, 1
2989, 1
2990, 1
2991, 1
2992, 1
2993, 1
2994, 1
2995, 1
2996, 1
2997, 1
2998, 1
2999, 1
3000, 1
3001, 1
3002, 1
3003, 1
3004, 1
3005, 1
3006, 1
3007, 1
7456, 1
7457, 1
7458, 1
7459, 1
7460, 1
7461, 1
7462, 1
7463, 1
7464, 1
7465, 1
7466, 1
7467, 1
7468, 1
7469, 1
7470, 1
7471, 1
7472, 1
7473, 1
7474, 1
7475, 1
7476, 1
7477, 1
7478, 1
7479, 1
7480, 1
7481, 1
7482, 1
7483, 1
7484, 1
7485, 1
7486, 1
7487, 1
0, 1
1, 1
2, 1
3, 1
4, 1
5, 1
6, 1
7, 1
8, 1
9, 1
10, 1
11, 1
12, 1
13, 1
14, 1
15, 1
16, 1
17, 1
18, 1
19, 1
20, 1
21, 1
22, 1
23, 1
24, 1
25, 1
26, 1
27, 1
28, 1
29, 1
30, 1
31, 1
3008, 1
3009, 1
3010, 1
3011, 1
3012, 1
3013, 1
3014, 1
3015, 1
3016, 1
3017, 1
3018, 1
3019, 1
3020, 1
3021, 1
3022, 1
3023, 1
3024, 1
3025, 1
3026, 1
3027, 1
3028, 1
3029, 1
3030, 1
3031, 1
3032, 1
3033, 1
3034, 1
3035, 1
3036, 1
3037, 1
3038, 1
3039, 1
1392, 1
1393, 1
1394, 1
1395, 1
1396, 1
1397, 1
1398, 1
1399, 1
1400, 1
1401, 1
1402, 1
1403, 1
1404, 1
1405, 1
1406, 1
1407, 1
1408, 1
1409, 1
1410, 1
1411, 1
1412, 1
1413, 1
1414, 1
1415, 1
1416, 1
1417, 1
1418, 1
1419, 1
1420, 1
1421, 1
1422, 1
1423, 1
2528, 1
2529, 1
2530, 1
2531, 1
2532, 1
2533, 1
2534, 1
2535, 1
2536, 1
2537, 1
2538, 1
2539, 1
2540, 1
2541, 1
2542, 1
2543, 1
2544, 1
2545, 1
2546, 1
2547, 1
2548, 1
2549, 1
2550, 1
2551, 1
2552, 1
2553, 1
2554, 1
2555, 1
2556, 1
2557, 1
2558, 1
2559, 1
4800, 1
4801, 1
4802, 1
4803, 1
4804, 1
4805, 1
4806, 1
4807, 1
4808, 1
4809, 1
4810, 1
4811, 1
4812, 1
4813, 1
4814, 1
4815, 1
4816, 1
4817, 1
4818, 1
4819, 1
4820, 1
4821, 1
4822, 1
4823, 1
4824, 1
4825, 1
4826, 1
4827, 1
4828, 1
4829, 1
4830, 1
4831, 1
4352, 1
4353, 1
4354, 1
4355, 1
4356, 1
4357, 1
4358, 1
4359, 1
4360, 1
4361, 1
4362, 1
4363, 1
4364, 1
4365, 1
4366, 1
4367, 1
4368, 1
4369, 1
4370, 1
4371, 1
4372, 1
4373, 1
4374, 1
4375, 1
4376, 1
4377, 1
4378, 1
4379, 1
4380, 1
4381, 1
4382, 1
4383, 1
9568, 1
9569, 1
9570, 1
9571, 1
9572, 1
9573, 1
9574, 1
9575, 1
9576, 1
9577, 1
9578, 1
9579, 1
9580, 1
9581, 1
9582, 1
9583, 1
9584, 1
9585, 1
9586, 1
9587, 1
9588, 1
9589, 1
9590, 1
9591, 1
9592, 1
9593, 1
9594, 1
9595, 1
9596, 1
9597, 1
9598, 1
9599, 1
3632, 1
3633, 1
3634, 1
3635, 1
3636, 1
3637, 1
3638, 1
3639, 1
3640, 1
3641, 1
3642, 1
3643, 1
3644, 1
3645, 1
3646, 1
3647, 1
3648, 1
3649, 1
3650, 1
3651, 1
3652, 1
3653, 1
3654, 1
3655, 1
3656, 1
3657, 1
3658, 1
3659, 1
3660, 1
3661, 1
3662, 1
3663, 1
2304, 1
2305, 1
2306, 1
2307, 1
2308, 1
2309, 1
2310, 1
2311, 1
2312, 1
2313, 1
2314, 1
2315, 1
2316, 1
2317, 1
2318, 1
2319, 1
2320, 1
2321, 1
2322, 1
2323, 1
2324, 1
2325, 1
2326, 1
2327, 1
2328, 1
2329, 1
2330, 1
2331, 1
2332, 1
2333, 1
2334, 1
2335, 1
7584, 1
7585, 1
7586, 1
7587, 1
7588, 1
7589, 1
7590, 1
7591, 1
7592, 1
7593, 1
7594, 1
7595, 1
7596, 1
7597, 1
7598, 1
7599, 1
7600, 1
7601, 1
7602, 1
7603, 1
7604, 1
7605, 1
7606, 1
7607, 1
7608, 1
7609, 1
7610, 1
7611, 1
7612, 1
7613, 1
7614, 1
7615, 1
9696, 1
9697, 1
9698, 1
9699, 1
9700, 1
9701, 1
9702, 1
9703, 1
9704, 1
9705, 1
9706, 1
9707, 1
9708, 1
9709, 1
9710, 1
9711, 1
9712, 1
9713, 1
9714, 1
9715, 1
9716, 1
9717, 1
9718, 1
9719, 1
9720, 1
9721, 1
9722, 1
9723, 1
9724, 1
9725, 1
9726, 1
9727, 1
6816, 1
6817, 1
6818, 1
6819, 1
6820, 1
6821, 1
6822, 1
6823, 1
6824, 1
6825, 1
6826, 1
6827, 1
6828, 1
6829, 1
6830, 1
6831, 1
6832, 1
6833, 1
6834, 1
6835, 1
6836, 1
6837, 1
6838, 1
6839, 1
6840, 1
6841, 1
6842, 1
6843, 1
6844, 1
6845, 1
6846, 1
6847, 1
7632, 1
7633, 1
7634, 1
7635, 1
7636, 1
7637, 1
7638, 1
7639, 1
7640, 1
7641, 1
7642, 1
7643, 1
7644, 1
7645, 1
7646, 1
7647, 1
7648, 1
7649, 1
7650, 1
7651, 1
7652, 1
7653, 1
7654, 1
7655, 1
7656, 1
7657, 1
7658, 1
7659, 1
7660, 1
7661, 1
7662, 1
7663, 1
9088, 1
9089, 1
9090, 1
9091, 1
9092, 1
9093, 1
9094, 1
9095, 1
9096, 1
9097, 1
9098, 1
9099, 1
9100, 1
9101, 1
9102, 1
9103, 1
9104, 1
9105, 1
9106, 1
9107, 1
9108, 1
9109, 1
9110, 1
9111, 1
9112, 1
9113, 1
9114, 1
9115, 1
9116, 1
9117, 1
9118, 1
9119, 1
9680, 1
9681, 1
9682, 1
9683, 1
9684, 1
9685, 1
9686, 1
9687, 1
9688, 1
9689, 1
9690, 1
9691, 1
9692, 1
9693, 1
9694, 1
9695, 1
9696, 1
9697, 1
9698, 1
9699, 1
9700, 1
9701, 1
9702, 1
9703, 1
9704, 1
9705, 1
9706, 1
9707, 1
9708, 1
9709, 1
9710, 1
9711, 1
5152, 1
5153, 1
5154, 1
5155, 1
5156, 1
5157, 1
5158, 1
5159, 1
5160, 1
5161, 1
5162, 1
5163, 1
5164, 1
5165, 1
5166, 1
5167, 1
5168, 1
5169, 1
5170, 1
5171, 1
5172, 1
5173, 1
5174, 1
5175, 1
5176, 1
5177, 1
5178, 1
5179, 1
5180, 1
5181, 1
5182, 1
5183, 1
656, 1
657, 1
658, 1
659, 1
660, 1
661, 1
662, 1
663, 1
664, 1
665, 1
666, 1
667, 1
668, 1
669, 1
670, 1
671, 1
672, 1
673, 1
674, 1
675, 1
676, 1
677, 1
678, 1
679, 1
680, 1
681, 1
682, 1
683, 1
684, 1
685, 1
686, 1
687, 1
6688, 1
6689, 1
6690, 1
6691, 1
6692, 1
6693, 1
6694, 1
6695, 1
6696, 1
6697, 1
6698, 1
6699, 1
6700, 1
6701, 1
6702, 1
6703, 1
6704, 1
6705, 1
6706, 1
6707, 1
6708, 1
6709, 1
6710, 1
6711, 1
6712, 1
6713, 1
6714, 1
6715, 1
6716, 1
6717, 1
6718, 1
6719, 1
8016, 1
8017, 1
8018, 1
8019, 1
8020, 1
8021, 1
8022, 1
8023, 1
8024, 1
8025, 1
8026, 1
8027, 1
8028, 1
8029, 1
8030, 1
8031, 1
8032, 1
8033, 1
8034, 1
8035, 1
8036, 1
8037, 1
8038, 1
8039, 1
8040, 1
8041, 1
8042, 1
8043, 1
8044, 1
8045, 1
8046, 1
8047, 1
7136, 1
7137, 1
7138, 1
7139, 1
7140, 1
7141, 1
7142, 1
7143, 1
7144, 1
7145, 1
7146, 1
7147, 1
7148, 1
7149, 1
7150, 1
7151, 1
7152, 1
7153, 1
7154, 1
7155, 1
7156, 1
7157, 1
7158, 1
7159, 1
7160, 1
7161, 1
7162, 1
7163, 1
7164, 1
7165, 1
7166, 1
7167, 1
6064, 1
6065, 1
6066, 1
6067, 1
6068, 1
6069, 1
6070, 1
6071, 1
6072, 1
6073, 1
6074, 1
6075, 1
6076, 1
6077, 1
6078, 1
6079, 1
6080, 1
6081, 1
6082, 1
6083, 1
6084, 1
6085, 1
6086, 1
6087, 1
6088, 1
6089, 1
6090, 1
6091, 1
6092, 1
6093, 1
6094, 1
6095, 1
6000, 1
6001, 1
6002, 1
6003, 1
6004, 1
6005, 1
6006, 1
6007, 1
6008, 1
6009, 1
6010, 1
6011, 1
6012, 1
6013, 1
6014, 1
6015, 1
6016, 1
6017, 1
6018, 1
6019, 1
6020, 1
6021, 1
6022, 1
6023, 1
6024, 1
6025, 1
6026, 1
6027, 1
6028, 1
6029, 1
6030, 1
6031, 1
3104, 1
3105, 1
3106, 1
3107, 1
3108, 1
3109, 1
3110, 1
3111, 1
3112, 1
3113, 1
3114, 1
3115, 1
3116, 1
3117, 1
3118, 1
3119, 1
3120, 1
3121, 1
3122, 1
3123, 1
3124, 1
3125, 1
3126, 1
3127, 1
3128, 1
3129, 1
3130, 1
3131, 1
3132, 1
3133, 1
3134, 1
3135, 1
2848, 1
2849, 1
2850, 1
2851, 1
2852, 1
2853, 1
2854, 1
2855, 1
2856, 1
2857, 1
2858, 1
2859, 1
2860, 1
2861, 1
2862, 1
2863, 1
2864, 1
2865, 1
2866, 1
2867, 1
2868, 1
2869, 1
2870, 1
2871, 1
2872, 1
2873, 1
2874, 1
2875, 1
2876, 1
2877, 1
2878, 1
2879, 1
9456, 1
9457, 1
9458, 1
9459, 1
9460, 1
9461, 1
9462, 1
9463, 1
9464, 1
9465, 1
9466, 1
9467, 1
9468, 1
9469, 1
9470, 1
9471, 1
9472, 1
9473, 1
9474, 1
9475, 1
9476, 1
9477, 1
9478, 1
9479, 1
9480, 1
9481, 1
9482, 1
9483, 1
9484, 1
9485, 1
9486, 1
9487, 1
6848, 1
6849, 1
6850, 1
6851, 1
6852, 1
6853, 1
6854, 1
6855, 1
6856, 1
6857, 1
6858, 1
6859, 1
6860, 1
6861, 1
6862, 1
6863, 1
6864, 1
6865, 1
6866, 1
6867, 1
6868, 1
6869, 1
6870, 1
6871, 1
6872, 1
6873, 1
6874, 1
6875, 1
6876, 1
6877, 1
6878, 1
6879, 1
5088, 1
5089, 1
5090, 1
5091, 1
5092, 1
5093, 1
5094, 1
5095, 1
5096, 1
5097, 1
5098, 1
5099, 1
5100, 1
5101, 1
5102, 1
5103, 1
5104, 1
5105, 1
5106, 1
5107, 1
5108, 1
5109, 1
5110, 1
5111, 1
5112, 1
5113, 1
5114, 1
5115, 1
5116, 1
5117, 1
5118, 1
5119, 1
5424, 1
5425, 1
5426, 1
5427, 1
5428, 1
5429, 1
5430, 1
5431, 1
5432, 1
5433, 1
5434, 1
5435, 1
5436, 1
5437, 1
5438, 1
5439, 1
5440, 1
5441, 1
5442, 1
5443, 1
5444, 1
5445, 1
5446, 1
5447, 1
5448, 1
5449, 1
5450, 1
5451, 1
5452, 1
5453, 1
5454, 1
5455, 1
7808, 1
7809, 1
7810, 1
7811, 1
7812, 1
7813, 1
7814, 1
7815, 1
7816, 1
7817, 1
7818, 1
7819, 1
7820, 1
7821, 1
7822, 1
7823, 1
7824, 1
7825, 1
7826, 1
7827, 1
7828, 1
7829, 1
7830, 1
7831, 1
7832, 1
7833, 1
7834, 1
7835, 1
7836, 1
7837, 1
7838, 1
7839, 1
544, 1
545, 1
546, 1
547, 1
548, 1
549, 1
550, 1
551, 1
552, 1
553, 1
554, 1
555, 1
556, 1
557, 1
558, 1
559, 1
560, 1
561, 1
562, 1
563, 1
564, 1
565, 1
566, 1
567, 1
568, 1
569, 1
570, 1
571, 1
572, 1
573, 1
574, 1
575, 1
5216, 1
5217, 1
5218, 1
5219, 1
5220, 1
5221, 1
5222, 1
5223, 1
5224, 1
5225, 1
5226, 1
5227, 1
5228, 1
5229, 1
5230, 1
5231, 1
5232, 1
5233, 1
5234, 1
5235, 1
5236, 1
5237, 1
5238, 1
5239, 1
5240, 1
5241, 1
5242, 1
5243, 1
5244, 1
5245, 1
5246, 1
5247, 1
640, 1
641, 1
642, 1
643, 1
644, 1
645, 1
646, 1
647, 1
648, 1
649, 1
650, 1
651, 1
652, 1
653, 1
654, 1
655, 1
656, 1
657, 1
658, 1
659, 1
660, 1
661, 1
662, 1
663, 1
664, 1
665, 1
666, 1
667, 1
668, 1
669, 1
670, 1
671, 1
1744, 1
1745, 1
1746, 1
1747, 1
1748, 1
1749, 1
1750, 1
1751, 1
1752, 1
1753, 1
1754, 1
1755, 1
1756, 1
1757, 1
1758, 1
1759, 1
1760, 1
1761, 1
1762, 1
1763, 1
1764, 1
1765, 1
1766, 1
1767, 1
1768, 1
1769, 1
1770, 1
1771, 1
1772, 1
1773, 1
1774, 1
1775, 1
7680, 1
7681, 1
7682, 1
7683, 1
7684, 1
7685, 1
7686, 1
7687, 1
7688, 1
7689, 1
7690, 1
7691, 1
7692, 1
7693, 1
7694, 1
7695, 1
7696, 1
7697, 1
7698, 1
7699, 1
7700, 1
7701, 1
7702, 1
7703, 1
7704, 1
7705, 1
7706, 1
7707, 1
7708, 1
7709, 1
7710, 1
7711, 1
672, 1
673, 1
674, 1
675, 1
676, 1
677, 1
678, 1
679, 1
680, 1
681, 1
682, 1
683, 1
684, 1
685, 1
686, 1
687, 1
688, 1
689, 1
690, 1
691, 1
692, 1
693, 1
694, 1
695, 1
696, 1
697, 1
698, 1
699, 1
700, 1
701, 1
702, 1
703, 1
9616, 1
9617, 1
9618, 1
9619, 1
9620, 1
9621, 1
9622, 1
9623, 1
9624, 1
9625, 1
9626, 1
9627, 1
9628, 1
9629, 1
9630, 1
9631, 1
9632, 1
9633, 1
9634, 1
9635, 1
9636, 1
9637, 1
9638, 1
9639, 1
9640, 1
9641, 1
9642, 1
9643, 1
9644, 1
9645, 1
9646, 1
9647, 1
2560, 1
2561, 1
2562, 1
2563, 1
2564, 1
2565, 1
2566, 1
2567, 1
2568, 1
2569, 1
2570, 1
2571, 1
2572, 1
2573, 1
2574, 1
2575, 1
2576, 1
2577, 1
2578, 1
2579, 1
2580, 1
2581, 1
2582, 1
2583, 1
2584, 1
2585, 1
2586, 1
2587, 1
2588, 1
2589, 1
2590, 1
2591, 1
7408, 1
7409, 1
7410, 1
7411, 1
7412, 1
7413, 1
7414, 1
7415, 1
7416, 1
7417, 1
7418, 1
7419, 1
7420, 1
7421, 1
7422, 1
7423, 1
7424, 1
7425, 1
7426, 1
7427, 1
7428, 1
7429, 1
7430, 1
7431, 1
7432, 1
7433, 1
7434, 1
7435, 1
7436, 1
7437, 1
7438, 1
7439, 1
2432, 1
2433, 1
2434, 1
2435, 1
2436, 1
2437, 1
2438, 1
2439, 1
2440, 1
2441, 1
2442, 1
2443, 1
2444, 1
2445, 1
2446, 1
2447, 1
2448, 1
2449, 1
2450, 1
2451, 1
2452, 1
2453, 1
2454, 1
2455, 1
2456, 1
2457, 1
2458, 1
2459, 1
2460, 1
2461, 1
2462, 1
2463, 1
6752, 1
6753, 1
6754, 1
6755, 1
6756, 1
6757, 1
6758, 1
6759, 1
6760, 1
6761, 1
6762, 1
6763, 1
6764, 1
6765, 1
6766, 1
6767, 1
6768, 1
6769, 1
6770, 1
6771, 1
6772, 1
6773, 1
6774, 1
6775, 1
6776, 1
6777, 1
6778, 1
6779, 1
6780, 1
6781, 1
6782, 1
6783, 1
7840, 1
7841, 1
7842, 1
7843, 1
7844, 1
7845, 1
7846, 1
7847, 1
7848, 1
7849, 1
7850, 1
7851, 1
7852, 1
7853, 1
7854, 1
7855, 1
7856, 1
7857, 1
7858, 1
7859, 1
7860, 1
7861, 1
7862, 1
7863, 1
7864, 1
7865, 1
7866, 1
7867, 1
7868, 1
7869, 1
7870, 1
7871, 1
3152, 1
3153, 1
3154, 1
3155, 1
3156, 1
3157, 1
3158, 1
3159, 1
3160, 1
3161, 1
3162, 1
3163, 1
3164, 1
3165, 1
3166, 1
3167, 1
3168, 1
3169, 1
3170, 1
3171, 1
3172, 1
3173, 1
3174, 1
3175, 1
3176, 1
3177, 1
3178, 1
3179, 1
3180, 1
3181, 1
3182, 1
3183, 1
4496, 1
4497, 1
4498, 1
4499, 1
4500, 1
4501, 1
4502, 1
4503, 1
4504, 1
4505, 1
4506, 1
4507, 1
4508, 1
4509, 1
4510, 1
4511, 1
4512, 1
4513, 1
4514, 1
4515, 1
4516, 1
4517, 1
4518, 1
4519, 1
4520, 1
4521, 1
4522, 1
4523, 1
4524, 1
4525, 1
4526, 1
4527, 1
512, 1
513, 1
514, 1
515, 1
516, 1
517, 1
518, 1
519, 1
520, 1
521, 1
522, 1
523, 1
524, 1
525, 1
526, 1
527, 1
528, 1
529, 1
530, 1
531, 1
532, 1
533, 1
534, 1
535, 1
536, 1
537, 1
538, 1
539, 1
540, 1
541, 1
542, 1
543, 1
3232, 1
3233, 1
3234, 1
3235, 1
3236, 1
3237, 1
3238, 1
3239, 1
3240, 1
3241, 1
3242, 1
3243, 1
3244, 1
3245, 1
3246, 1
3247, 1
3248, 1
3249, 1
3250, 1
3251, 1
3252, 1
3253, 1
3254, 1
3255, 1
3256, 1
3257, 1
3258, 1
3259, 1
3260, 1
3261, 1
3262, 1
3263, 1
5936, 1
5937, 1
5938, 1
5939, 1
5940, 1
5941, 1
5942, 1
5943, 1
5944, 1
5945, 1
5946, 1
5947, 1
5948, 1
5949, 1
5950, 1
5951, 1
5952, 1
5953, 1
5954, 1
5955, 1
5956, 1
5957, 1
5958, 1
5959, 1
5960, 1
5961, 1
5962, 1
5963, 1
5964, 1
5965, 1
5966, 1
5967, 1
8048, 1
8049, 1
8050, 1
8051, 1
8052, 1
8053, 1
8054, 1
8055, 1
8056, 1
8057, 1
8058, 1
8059, 1
8060, 1
8061, 1
8062, 1
8063, 1
8064, 1
8065, 1
8066, 1
8067, 1
8068, 1
8069, 1
8070, 1
8071, 1
8072, 1
8073, 1
8074, 1
8075, 1
8076, 1
8077, 1
8078, 1
8079, 1
64, 1
65, 1
66, 1
67, 1
68, 1
69, 1
70, 1
71, 1
72, 1
73, 1
74, 1
75, 1
76, 1
77, 1
78, 1
79, 1
80, 1
81, 1
82, 1
83, 1
84, 1
85, 1
86, 1
87, 1
88, 1
89, 1
90, 1
91, 1
92, 1
93, 1
94, 1
95, 1
8080, 1
8081, 1
8082, 1
8083, 1
8084, 1
8085, 1
8086, 1
8087, 1
8088, 1
8089, 1
8090, 1
8091, 1
8092, 1
8093, 1
8094, 1
8095, 1
8096, 1
8097, 1
8098, 1
8099, 1
8100, 1
8101, 1
8102, 1
8103, 1
8104, 1
8105, 1
8106, 1
8107, 1
8108, 1
8109, 1
8110, 1
8111, 1
160, 1
161, 1
162, 1
163, 1
164, 1
165, 1
166, 1
167, 1
168, 1
169, 1
170, 1
171, 1
172, 1
173, 1
174, 1
175, 1
176, 1
177, 1
178, 1
179, 1
180, 1
181, 1
182, 1
183, 1
184, 1
185, 1
186, 1
187, 1
188, 1
189, 1
190, 1
191, 1
192, 1
193, 1
194, 1
195, 1
196, 1
197, 1
198, 1
199, 1
200, 1
201, 1
202, 1
203, 1
204, 1
205, 1
206, 1
207, 1
208, 1
209, 1
210, 1
211, 1
212, 1
213, 1
214, 1
215, 1
216, 1
217, 1
218, 1
219, 1
220, 1
221, 1
222, 1
223, 1
4704, 1
4705, 1
4706, 1
4707, 1
4708, 1
4709, 1
4710, 1
4711, 1
4712, 1
4713, 1
4714, 1
4715, 1
4716, 1
4717, 1
4718, 1
4719, 1
4720, 1
4721, 1
4722, 1
4723, 1
4724, 1
4725, 1
4726, 1
4727, 1
4728, 1
4729, 1
4730, 1
4731, 1
4732, 1
4733, 1
4734, 1
4735, 1
7952, 1
7953, 1
7954, 1
7955, 1
7956, 1
7957, 1
7958, 1
7959, 1
7960, 1
7961, 1
7962, 1
7963, 1
7964, 1
7965, 1
7966, 1
7967, 1
7968, 1
7969, 1
7970, 1
7971, 1
7972, 1
7973, 1
7974, 1
7975, 1
7976, 1
7977, 1
7978, 1
7979, 1
7980, 1
7981, 1
7982, 1
7983, 1
3200, 1
3201, 1
3202, 1
3203, 1
3204, 1
3205, 1
3206, 1
3207, 1
3208, 1
3209, 1
3210, 1
3211, 1
3212, 1
3213, 1
3214, 1
3215, 1
3216, 1
3217, 1
3218, 1
3219, 1
3220, 1
3221, 1
3222, 1
3223, 1
3224, 1
3225, 1
3226, 1
3227, 1
3228, 1
3229, 1
3230, 1
3231, 1
7920, 1
7921, 1
7922, 1
7923, 1
7924, 1
7925, 1
7926, 1
7927, 1
7928, 1
7929, 1
7930, 1
7931, 1
7932, 1
7933, 1
7934, 1
7935, 1
7936, 1
7937, 1
7938, 1
7939, 1
7940, 1
7941, 1
7942, 1
7943, 1
7944, 1
7945, 1
7946, 1
7947, 1
7948, 1
7949, 1
7950, 1
7951, 1
3168, 1
3169, 1
3170, 1
3171, 1
3172, 1
3173, 1
3174, 1
3175, 1
3176, 1
3177, 1
3178, 1
3179, 1
3180, 1
3181, 1
3182, 1
3183, 1
3184, 1
3185, 1
3186, 1
3187, 1
3188, 1
3189, 1
3190, 1
3191, 1
3192, 1
3193, 1
3194, 1
3195, 1
3196, 1
3197, 1
3198, 1
3199, 1
3136, 1
3137, 1
3138, 1
3139, 1
3140, 1
3141, 1
3142, 1
3143, 1
3144, 1
3145, 1
3146, 1
3147, 1
3148, 1
3149, 1
3150, 1
3151, 1
3152, 1
3153, 1
3154, 1
3155, 1
3156, 1
3157, 1
3158, 1
3159, 1
3160, 1
3161, 1
3162, 1
3163, 1
3164, 1
3165, 1
3166, 1
3167, 1
5120, 1
5121, 1
5122, 1
5123, 1
5124, 1
5125, 1
5126, 1
5127, 1
5128, 1
5129, 1
5130, 1
5131, 1
5132, 1
5133, 1
5134, 1
5135, 1
5136, 1
5137, 1
5138, 1
5139, 1
5140, 1
5141, 1
5142, 1
5143, 1
5144, 1
5145, 1
5146, 1
5147, 1
5148, 1
5149, 1
5150, 1
5151, 1
5184, 1
5185, 1
5186, 1
5187, 1
5188, 1
5189, 1
5190, 1
5191, 1
5192, 1
5193, 1
5194, 1
5195, 1
5196, 1
5197, 1
5198, 1
5199, 1
5200, 1
5201, 1
5202, 1
5203, 1
5204, 1
5205, 1
5206, 1
5207, 1
5208, 1
5209, 1
5210, 1
5211, 1
5212, 1
5213, 1
5214, 1
5215, 1
4608, 1
4609, 1
4610, 1
4611, 1
4612, 1
4613, 1
4614, 1
4615, 1
4616, 1
4617, 1
4618, 1
4619, 1
4620, 1
4621, 1
4622, 1
4623, 1
4624, 1
4625, 1
4626, 1
4627, 1
4628, 1
4629, 1
4630, 1
4631, 1
4632, 1
4633, 1
4634, 1
4635, 1
4636, 1
4637, 1
4638, 1
4639, 1
2528, 1
2529, 1
2530, 1
2531, 1
2532, 1
2533, 1
2534, 1
2535, 1
2536, 1
2537, 1
2538, 1
2539, 1
2540, 1
2541, 1
2542, 1
2543, 1
2544, 1
2545, 1
2546, 1
2547, 1
2548, 1
2549, 1
2550, 1
2551, 1
2552, 1
2553, 1
2554, 1
2555, 1
2556, 1
2557, 1
2558, 1
2559, 1
3072, 1
3073, 1
3074, 1
3075, 1
3076, 1
3077, 1
3078, 1
3079, 1
3080, 1
3081, 1
3082, 1
3083, 1
3084, 1
3085, 1
3086, 1
3087, 1
3088, 1
3089, 1
3090, 1
3091, 1
3092, 1
3093, 1
3094, 1
3095, 1
3096, 1
3097, 1
3098, 1
3099, 1
3100, 1
3101, 1
3102, 1
3103, 1
7440, 1
7441, 1
7442, 1
7443, 1
7444, 1
7445, 1
7446, 1
7447, 1
7448, 1
7449, 1
7450, 1
7451, 1
7452, 1
7453, 1
7454, 1
7455, 1
7456, 1
7457, 1
7458, 1
7459, 1
7460, 1
7461, 1
7462, 1
7463, 1
7464, 1
7465, 1
7466, 1
7467, 1
7468, 1
7469, 1
7470, 1
7471, 1
2624, 1
2625, 1
2626, 1
2627, 1
2628, 1
2629, 1
2630, 1
2631, 1
2632, 1
2633, 1
2634, 1
2635, 1
2636, 1
2637, 1
2638, 1
2639, 1
2640, 1
2641, 1
2642, 1
2643, 1
2644, 1
2645, 1
2646, 1
2647, 1
2648, 1
2649, 1
2650, 1
2651, 1
2652, 1
2653, 1
2654, 1
2655, 1
6672, 1
6673, 1
6674, 1
6675, 1
6676, 1
6677, 1
6678, 1
6679, 1
6680, 1
6681, 1
6682, 1
6683, 1
6684, 1
6685, 1
6686, 1
6687, 1
6688, 1
6689, 1
6690, 1
6691, 1
6692, 1
6693, 1
6694, 1
6695, 1
6696, 1
6697, 1
6698, 1
6699, 1
6700, 1
6701, 1
6702, 1
6703, 1
6832, 1
6833, 1
6834, 1
6835, 1
6836, 1
6837, 1
6838, 1
6839, 1
6840, 1
6841, 1
6842, 1
6843, 1
6844, 1
6845, 1
6846, 1
6847, 1
6848, 1
6849, 1
6850, 1
6851, 1
6852, 1
6853, 1
6854, 1
6855, 1
6856, 1
6857, 1
6858, 1
6859, 1
6860, 1
6861, 1
6862, 1
6863, 1
6704, 1
6705, 1
6706, 1
6707, 1
6708, 1
6709, 1
6710, 1
6711, 1
6712, 1
6713, 1
6714, 1
6715, 1
6716, 1
6717, 1
6718, 1
6719, 1
6720, 1
6721, 1
6722, 1
6723, 1
6724, 1
6725, 1
6726, 1
6727, 1
6728, 1
6729, 1
6730, 1
6731, 1
6732, 1
6733, 1
6734, 1
6735, 1
6656, 1
6657, 1
6658, 1
6659, 1
6660, 1
6661, 1
6662, 1
6663, 1
6664, 1
6665, 1
6666, 1
6667, 1
6668, 1
6669, 1
6670, 1
6671, 1
6672, 1
6673, 1
6674, 1
6675, 1
6676, 1
6677, 1
6678, 1
6679, 1
6680, 1
6681, 1
6682, 1
6683, 1
6684, 1
6685, 1
6686, 1
6687, 1
6800, 1
6801, 1
6802, 1
6803, 1
6804, 1
6805, 1
6806, 1
6807, 1
6808, 1
6809, 1
6810, 1
6811, 1
6812, 1
6813, 1
6814, 1
6815, 1
6816, 1
6817, 1
6818, 1
6819, 1
6820, 1
6821, 1
6822, 1
6823, 1
6824, 1
6825, 1
6826, 1
6827, 1
6828, 1
6829, 1
6830, 1
6831, 1
7472, 1
7473, 1
7474, 1
7475, 1
7476, 1
7477, 1
7478, 1
7479, 1
7480, 1
7481, 1
7482, 1
7483, 1
7484, 1
7485, 1
7486, 1
7487, 1
7488, 1
7489, 1
7490, 1
7491, 1
7492, 1
7493, 1
7494, 1
7495, 1
7496, 1
7497, 1
7498, 1
7499, 1
7500, 1
7501, 1
7502, 1
7503, 1
8528, 1
8529, 1
8530, 1
8531, 1
8532, 1
8533, 1
8534, 1
8535, 1
8536, 1
8537, 1
8538, 1
8539, 1
8540, 1
8541, 1
8542, 1
8543, 1
8544, 1
8545, 1
8546, 1
8547, 1
8548, 1
8549, 1
8550, 1
8551, 1
8552, 1
8553, 1
8554, 1
8555, 1
8556, 1
8557, 1
8558, 1
8559, 1
8656, 1
8657, 1
8658, 1
8659, 1
8660, 1
8661, 1
8662, 1
8663, 1
8664, 1
8665, 1
8666, 1
8667, 1
8668, 1
8669, 1
8670, 1
8671, 1
8672, 1
8673, 1
8674, 1
8675, 1
8676, 1
8677, 1
8678, 1
8679, 1
8680, 1
8681, 1
8682, 1
8683, 1
8684, 1
8685, 1
8686, 1
8687, 1
2592, 1
2593, 1
2594, 1
2595, 1
2596, 1
2597, 1
2598, 1
2599, 1
2600, 1
2601, 1
2602, 1
2603, 1
2604, 1
2605, 1
2606, 1
2607, 1
2608, 1
2609, 1
2610, 1
2611, 1
2612, 1
2613, 1
2614, 1
2615, 1
2616, 1
2617, 1
2618, 1
2619, 1
2620, 1
2621, 1
2622, 1
2623, 1
8592, 1
8593, 1
8594, 1
8595, 1
8596, 1
8597, 1
8598, 1
8599, 1
8600, 1
8601, 1
8602, 1
8603, 1
8604, 1
8605, 1
8606, 1
8607, 1
8608, 1
8609, 1
8610, 1
8611, 1
8612, 1
8613, 1
8614, 1
8615, 1
8616, 1
8617, 1
8618, 1
8619, 1
8620, 1
8621, 1
8622, 1
8623, 1
8496, 1
8497, 1
8498, 1
8499, 1
8500, 1
8501, 1
8502, 1
8503, 1
8504, 1
8505, 1
8506, 1
8507, 1
8508, 1
8509, 1
8510, 1
8511, 1
8512, 1
8513, 1
8514, 1
8515, 1
8516, 1
8517, 1
8518, 1
8519, 1
8520, 1
8521, 1
8522, 1
8523, 1
8524, 1
8525, 1
8526, 1
8527, 1
7360, 1
7361, 1
7362, 1
7363, 1
7364, 1
7365, 1
7366, 1
7367, 1
7368, 1
7369, 1
7370, 1
7371, 1
7372, 1
7373, 1
7374, 1
7375, 1
7376, 1
7377, 1
7378, 1
7379, 1
7380, 1
7381, 1
7382, 1
7383, 1
7384, 1
7385, 1
7386, 1
7387, 1
7388, 1
7389, 1
7390, 1
7391, 1
5312, 1
5313, 1
5314, 1
5315, 1
5316, 1
5317, 1
5318, 1
5319, 1
5320, 1
5321, 1
5322, 1
5323, 1
5324, 1
5325, 1
5326, 1
5327, 1
5328, 1
5329, 1
5330, 1
5331, 1
5332, 1
5333, 1
5334, 1
5335, 1
5336, 1
5337, 1
5338, 1
5339, 1
5340, 1
5341, 1
5342, 1
5343, 1
8464, 1
8465, 1
8466, 1
8467, 1
8468, 1
8469, 1
8470, 1
8471, 1
8472, 1
8473, 1
8474, 1
8475, 1
8476, 1
8477, 1
8478, 1
8479, 1
8480, 1
8481, 1
8482, 1
8483, 1
8484, 1
8485, 1
8486, 1
8487, 1
8488, 1
8489, 1
8490, 1
8491, 1
8492, 1
8493, 1
8494, 1
8495, 1
1648, 1
1649, 1
1650, 1
1651, 1
1652, 1
1653, 1
1654, 1
1655, 1
1656, 1
1657, 1
1658, 1
1659, 1
1660, 1
1661, 1
1662, 1
1663, 1
1664, 1
1665, 1
1666, 1
1667, 1
1668, 1
1669, 1
1670, 1
1671, 1
1672, 1
1673, 1
1674, 1
1675, 1
1676, 1
1677, 1
1678, 1
1679, 1
352, 1
353, 1
354, 1
355, 1
356, 1
357, 1
358, 1
359, 1
360, 1
361, 1
362, 1
363, 1
364, 1
365, 1
366, 1
367, 1
368, 1
369, 1
370, 1
371, 1
372, 1
373, 1
374, 1
375, 1
376, 1
377, 1
378, 1
379, 1
380, 1
381, 1
382, 1
383, 1
224, 1
225, 1
226, 1
227, 1
228, 1
229, 1
230, 1
231, 1
232, 1
233, 1
234, 1
235, 1
236, 1
237, 1
238, 1
239, 1
240, 1
241, 1
242, 1
243, 1
244, 1
245, 1
246, 1
247, 1
248, 1
249, 1
250, 1
251, 1
252, 1
253, 1
254, 1
255, 1
9904, 1
9905, 1
9906, 1
9907, 1
9908, 1
9909, 1
9910, 1
9911, 1
9912, 1
9913, 1
9914, 1
9915, 1
9916, 1
9917, 1
9918, 1
9919, 1
9920, 1
9921, 1
9922, 1
9923, 1
9924, 1
9925, 1
9926, 1
9927, 1
9928, 1
9929, 1
9930, 1
9931, 1
9932, 1
9933, 1
9934, 1
9935, 1
4992, 1
4993, 1
4994, 1
4995, 1
4996, 1
4997, 1
4998, 1
4999, 1
5000, 1
5001, 1
5002, 1
5003, 1
5004, 1
5005, 1
5006, 1
5007, 1
5008, 1
5009, 1
5010, 1
5011, 1
5012, 1
5013, 1
5014, 1
5015, 1
5016, 1
5017, 1
5018, 1
5019, 1
5020, 1
5021, 1
5022, 1
5023, 1
5056, 1
5057, 1
5058, 1
5059, 1
5060, 1
5061, 1
5062, 1
5063, 1
5064, 1
5065, 1
5066, 1
5067, 1
5068, 1
5069, 1
5070, 1
5071, 1
5072, 1
5073, 1
5074, 1
5075, 1
5076, 1
5077, 1
5078, 1
5079, 1
5080, 1
5081, 1
5082, 1
5083, 1
5084, 1
5085, 1
5086, 1
5087, 1
6608, 1
6609, 1
6610, 1
6611, 1
6612, 1
6613, 1
6614, 1
6615, 1
6616, 1
6617, 1
6618, 1
6619, 1
6620, 1
6621, 1
6622, 1
6623, 1
6624, 1
6625, 1
6626, 1
6627, 1
6628, 1
6629, 1
6630, 1
6631, 1
6632, 1
6633, 1
6634, 1
6635, 1
6636, 1
6637, 1
6638, 1
6639, 1
4864, 1
4865, 1
4866, 1
4867, 1
4868, 1
4869, 1
4870, 1
4871, 1
4872, 1
4873, 1
4874, 1
4875, 1
4876, 1
4877, 1
4878, 1
4879, 1
4880, 1
4881, 1
4882, 1
4883, 1
4884, 1
4885, 1
4886, 1
4887, 1
4888, 1
4889, 1
4890, 1
4891, 1
4892, 1
4893, 1
4894, 1
4895, 1
6736, 1
6737, 1
6738, 1
6739, 1
6740, 1
6741, 1
6742, 1
6743, 1
6744, 1
6745, 1
6746, 1
6747, 1
6748, 1
6749, 1
6750, 1
6751, 1
6752, 1
6753, 1
6754, 1
6755, 1
6756, 1
6757, 1
6758, 1
6759, 1
6760, 1
6761, 1
6762, 1
6763, 1
6764, 1
6765, 1
6766, 1
6767, 1
6832, 1
6833, 1
6834, 1
6835, 1
6836, 1
6837, 1
6838, 1
6839, 1
6840, 1
6841, 1
6842, 1
6843, 1
6844, 1
6845, 1
6846, 1
6847, 1
6848, 1
6849, 1
6850, 1
6851, 1
6852, 1
6853, 1
6854, 1
6855, 1
6856, 1
6857, 1
6858, 1
6859, 1
6860, 1
6861, 1
6862, 1
6863, 1
8880, 1
8881, 1
8882, 1
8883, 1
8884, 1
8885, 1
8886, 1
8887, 1
8888, 1
8889, 1
8890, 1
8891, 1
8892, 1
8893, 1
8894, 1
8895, 1
8896, 1
8897, 1
8898, 1
8899, 1
8900, 1
8901, 1
8902, 1
8903, 1
8904, 1
8905, 1
8906, 1
8907, 1
8908, 1
8909, 1
8910, 1
8911, 1
6800, 1
6801, 1
6802, 1
6803, 1
6804, 1
6805, 1
6806, 1
6807, 1
6808, 1
6809, 1
6810, 1
6811, 1
6812, 1
6813, 1
6814, 1
6815, 1
6816, 1
6817, 1
6818, 1
6819, 1
6820, 1
6821, 1
6822, 1
6823, 1
6824, 1
6825, 1
6826, 1
6827, 1
6828, 1
6829, 1
6830, 1
6831, 1
6704, 1
6705, 1
6706, 1
6707, 1
6708, 1
6709, 1
6710, 1
6711, 1
6712, 1
6713, 1
6714, 1
6715, 1
6716, 1
6717, 1
6718, 1
6719, 1
6720, 1
6721, 1
6722, 1
6723, 1
6724, 1
6725, 1
6726, 1
6727, 1
6728, 1
6729, 1
6730, 1
6731, 1
6732, 1
6733, 1
6734, 1
6735, 1
6672, 1
6673, 1
6674, 1
6675, 1
6676, 1
6677, 1
6678, 1
6679, 1
6680, 1
6681, 1
6682, 1
6683, 1
6684, 1
6685, 1
6686, 1
6687, 1
6688, 1
6689, 1
6690, 1
6691, 1
6692, 1
6693, 1
6694, 1
6695, 1
6696, 1
6697, 1
6698, 1
6699, 1
6700, 1
6701, 1
6702, 1
6703, 1
6768, 1
6769, 1
6770, 1
6771, 1
6772, 1
6773, 1
6774, 1
6775, 1
6776, 1
6777, 1
6778, 1
6779, 1
6780, 1
6781, 1
6782, 1
6783, 1
6784, 1
6785, 1
6786, 1
6787, 1
6788, 1
6789, 1
6790, 1
6791, 1
6792, 1
6793, 1
6794, 1
6795, 1
6796, 1
6797, 1
6798, 1
6799, 1
4928, 1
4929, 1
4930, 1
4931, 1
4932, 1
4933, 1
4934, 1
4935, 1
4936, 1
4937, 1
4938, 1
4939, 1
4940, 1
4941, 1
4942, 1
4943, 1
4944, 1
4945, 1
4946, 1
4947, 1
4948, 1
4949, 1
4950, 1
4951, 1
4952, 1
4953, 1
4954, 1
4955, 1
4956, 1
4957, 1
4958, 1
4959, 1
6640, 1
6641, 1
6642, 1
6643, 1
6644, 1
6645, 1
6646, 1
6647, 1
6648, 1
6649, 1
6650, 1
6651, 1
6652, 1
6653, 1
6654, 1
6655, 1
6656, 1
6657, 1
6658, 1
6659, 1
6660, 1
6661, 1
6662, 1
6663, 1
6664, 1
6665, 1
6666, 1
6667, 1
6668, 1
6669, 1
6670, 1
6671, 1
640, 1
641, 1
642, 1
643, 1
644, 1
645, 1
646, 1
647, 1
648, 1
649, 1
650, 1
651, 1
652, 1
653, 1
654, 1
655, 1
656, 1
657, 1
658, 1
659, 1
660, 1
661, 1
662, 1
663, 1
664, 1
665, 1
666, 1
667, 1
668, 1
669, 1
670, 1
671, 1
672, 1
673, 1
674, 1
675, 1
676, 1
677, 1
678, 1
679, 1
680, 1
681, 1
682, 1
683, 1
684, 1
685, 1
686, 1
687, 1
688, 1
689, 1
690, 1
691, 1
692, 1
693, 1
694, 1
695, 1
696, 1
697, 1
698, 1
699, 1
700, 1
701, 1
702, 1
703, 1
8752, 1
8753, 1
8754, 1
8755, 1
8756, 1
8757, 1
8758, 1
8759, 1
8760, 1
8761, 1
8762, 1
8763, 1
8764, 1
8765, 1
8766, 1
8767, 1
8768, 1
8769, 1
8770, 1
8771, 1
8772, 1
8773, 1
8774, 1
8775, 1
8776, 1
8777, 1
8778, 1
8779, 1
8780, 1
8781, 1
8782, 1
8783, 1
8848, 1
8849, 1
8850, 1
8851, 1
8852, 1
8853, 1
8854, 1
8855, 1
8856, 1
8857, 1
8858, 1
8859, 1
8860, 1
8861, 1
8862, 1
8863, 1
8864, 1
8865, 1
8866, 1
8867, 1
8868, 1
8869, 1
8870, 1
8871, 1
8872, 1
8873, 1
8874, 1
8875, 1
8876, 1
8877, 1
8878, 1
8879, 1
512, 1
513, 1
514, 1
515, 1
516, 1
517, 1
518, 1
519, 1
520, 1
521, 1
522, 1
523, 1
524, 1
525, 1
526, 1
527, 1
528, 1
529, 1
530, 1
531, 1
532, 1
533, 1
534, 1
535, 1
536, 1
537, 1
538, 1
539, 1
540, 1
541, 1
542, 1
543, 1
544, 1
545, 1
546, 1
547, 1
548, 1
549, 1
550, 1
551, 1
552, 1
553, 1
554, 1
555, 1
556, 1
557, 1
558, 1
559, 1
560, 1
561, 1
562, 1
563, 1
564, 1
565, 1
566, 1
567, 1
568, 1
569, 1
570, 1
571, 1
572, 1
573, 1
574, 1
575, 1
608, 1
609, 1
610, 1
611, 1
612, 1
613, 1
614, 1
615, 1
616, 1
617, 1
618, 1
619, 1
620, 1
621, 1
622, 1
623, 1
624, 1
625, 1
626, 1
627, 1
628, 1
629, 1
630, 1
631, 1
632, 1
633, 1
634, 1
635, 1
636, 1
637, 1
638, 1
639, 1
480, 1
481, 1
482, 1
483, 1
484, 1
485, 1
486, 1
487, 1
488, 1
489, 1
490, 1
491, 1
492, 1
493, 1
494, 1
495, 1
496, 1
497, 1
498, 1
499, 1
500, 1
501, 1
502, 1
503, 1
504, 1
505, 1
506, 1
507, 1
508, 1
509, 1
510, 1
511, 1
576, 1
577, 1
578, 1
579, 1
580, 1
581, 1
582, 1
583, 1
584, 1
585, 1
586, 1
587, 1
588, 1
589, 1
590, 1
591, 1
592, 1
593, 1
594, 1
595, 1
596, 1
597, 1
598, 1
599, 1
600, 1
601, 1
602, 1
603, 1
604, 1
605, 1
606, 1
607, 1
448, 1
449, 1
450, 1
451, 1
452, 1
453, 1
454, 1
455, 1
456, 1
457, 1
458, 1
459, 1
460, 1
461, 1
462, 1
463, 1
464, 1
465, 1
466, 1
467, 1
468, 1
469, 1
470, 1
471, 1
472, 1
473, 1
474, 1
475, 1
476, 1
477, 1
478, 1
479, 1
8816, 1
8817, 1
8818, 1
8819, 1
8820, 1
8821, 1
8822, 1
8823, 1
8824, 1
8825, 1
8826, 1
8827, 1
8828, 1
8829, 1
8830, 1
8831, 1
8832, 1
8833, 1
8834, 1
8835, 1
8836, 1
8837, 1
8838, 1
8839, 1
8840, 1
8841, 1
8842, 1
8843, 1
8844, 1
8845, 1
8846, 1
8847, 1
8688, 1
8689, 1
8690, 1
8691, 1
8692, 1
8693, 1
8694, 1
8695, 1
8696, 1
8697, 1
8698, 1
8699, 1
8700, 1
8701, 1
8702, 1
8703, 1
8704, 1
8705, 1
8706, 1
8707, 1
8708, 1
8709, 1
8710, 1
8711, 1
8712, 1
8713, 1
8714, 1
8715, 1
8716, 1
8717, 1
8718, 1
8719, 1
8720, 1
8721, 1
8722, 1
8723, 1
8724, 1
8725, 1
8726, 1
8727, 1
8728, 1
8729, 1
8730, 1
8731, 1
8732, 1
8733, 1
8734, 1
8735, 1
8736, 1
8737, 1
8738, 1
8739, 1
8740, 1
8741, 1
8742, 1
8743, 1
8744, 1
8745, 1
8746, 1
8747, 1
8748, 1
8749, 1
8750, 1
8751, 1
2960, 1
2961, 1
2962, 1
2963, 1
2964, 1
2965, 1
2966, 1
2967, 1
2968, 1
2969, 1
2970, 1
2971, 1
2972, 1
2973, 1
2974, 1
2975, 1
2976, 1
2977, 1
2978, 1
2979, 1
2980, 1
2981, 1
2982, 1
2983, 1
2984, 1
2985, 1
2986, 1
2987, 1
2988, 1
2989, 1
2990, 1
2991, 1
2832, 1
2833, 1
2834, 1
2835, 1
2836, 1
2837, 1
2838, 1
2839, 1
2840, 1
2841, 1
2842, 1
2843, 1
2844, 1
2845, 1
2846, 1
2847, 1
2848, 1
2849, 1
2850, 1
2851, 1
2852, 1
2853, 1
2854, 1
2855, 1
2856, 1
2857, 1
2858, 1
2859, 1
2860, 1
2861, 1
2862, 1
2863, 1
8304, 1
8305, 1
8306, 1
8307, 1
8308, 1
8309, 1
8310, 1
8311, 1
8312, 1
8313, 1
8314, 1
8315, 1
8316, 1
8317, 1
8318, 1
8319, 1
8320, 1
8321, 1
8322, 1
8323, 1
8324, 1
8325, 1
8326, 1
8327, 1
8328, 1
8329, 1
8330, 1
8331, 1
8332, 1
8333, 1
8334, 1
8335, 1
208, 1
209, 1
210, 1
211, 1
212, 1
213, 1
214, 1
215, 1
216, 1
217, 1
218, 1
219, 1
220, 1
221, 1
222, 1
223, 1
224, 1
225, 1
226, 1
227, 1
228, 1
229, 1
230, 1
231, 1
232, 1
233, 1
234, 1
235, 1
236, 1
237, 1
238, 1
239, 1
9888, 1
9889, 1
9890, 1
9891, 1
9892, 1
9893, 1
9894, 1
9895, 1
9896, 1
9897, 1
9898, 1
9899, 1
9900, 1
9901, 1
9902, 1
9903, 1
9904, 1
9905, 1
9906, 1
9907, 1
9908, 1
9909, 1
9910, 1
9911, 1
9912, 1
9913, 1
9914, 1
9915, 1
9916, 1
9917, 1
9918, 1
9919, 1
7472, 1
7473, 1
7474, 1
7475, 1
7476, 1
7477, 1
7478, 1
7479, 1
7480, 1
7481, 1
7482, 1
7483, 1
7484, 1
7485, 1
7486, 1
7487, 1
7488, 1
7489, 1
7490, 1
7491, 1
7492, 1
7493, 1
7494, 1
7495, 1
7496, 1
7497, 1
7498, 1
7499, 1
7500, 1
7501, 1
7502, 1
7503, 1
6288, 1
6289, 1
6290, 1
6291, 1
6292, 1
6293, 1
6294, 1
6295, 1
6296, 1
6297, 1
6298, 1
6299, 1
6300, 1
6301, 1
6302, 1
6303, 1
6304, 1
6305, 1
6306, 1
6307, 1
6308, 1
6309, 1
6310, 1
6311, 1
6312, 1
6313, 1
6314, 1
6315, 1
6316, 1
6317, 1
6318, 1
6319, 1
8368, 1
8369, 1
8370, 1
8371, 1
8372, 1
8373, 1
8374, 1
8375, 1
8376, 1
8377, 1
8378, 1
8379, 1
8380, 1
8381, 1
8382, 1
8383, 1
8384, 1
8385, 1
8386, 1
8387, 1
8388, 1
8389, 1
8390, 1
8391, 1
8392, 1
8393, 1
8394, 1
8395, 1
8396, 1
8397, 1
8398, 1
8399, 1
6128, 1
6129, 1
6130, 1
6131, 1
6132, 1
6133, 1
6134, 1
6135, 1
6136, 1
6137, 1
6138, 1
6139, 1
6140, 1
6141, 1
6142, 1
6143, 1
6144, 1
6145, 1
6146, 1
6147, 1
6148, 1
6149, 1
6150, 1
6151, 1
6152, 1
6153, 1
6154, 1
6155, 1
6156, 1
6157, 1
6158, 1
6159, 1
3152, 1
3153, 1
3154, 1
3155, 1
3156, 1
3157, 1
3158, 1
3159, 1
3160, 1
3161, 1
3162, 1
3163, 1
3164, 1
3165, 1
3166, 1
3167, 1
3168, 1
3169, 1
3170, 1
3171, 1
3172, 1
3173, 1
3174, 1
3175, 1
3176, 1
3177, 1
3178, 1
3179, 1
3180, 1
3181, 1
3182, 1
3183, 1
3024, 1
3025, 1
3026, 1
3027, 1
3028, 1
3029, 1
3030, 1
3031, 1
3032, 1
3033, 1
3034, 1
3035, 1
3036, 1
3037, 1
3038, 1
3039, 1
3040, 1
3041, 1
3042, 1
3043, 1
3044, 1
3045, 1
3046, 1
3047, 1
3048, 1
3049, 1
3050, 1
3051, 1
3052, 1
3053, 1
3054, 1
3055, 1
4752, 1
4753, 1
4754, 1
4755, 1
4756, 1
4757, 1
4758, 1
4759, 1
4760, 1
4761, 1
4762, 1
4763, 1
4764, 1
4765, 1
4766, 1
4767, 1
4768, 1
4769, 1
4770, 1
4771, 1
4772, 1
4773, 1
4774, 1
4775, 1
4776, 1
4777, 1
4778, 1
4779, 1
4780, 1
4781, 1
4782, 1
4783, 1
6416, 1
6417, 1
6418, 1
6419, 1
6420, 1
6421, 1
6422, 1
6423, 1
6424, 1
6425, 1
6426, 1
6427, 1
6428, 1
6429, 1
6430, 1
6431, 1
6432, 1
6433, 1
6434, 1
6435, 1
6436, 1
6437, 1
6438, 1
6439, 1
6440, 1
6441, 1
6442, 1
6443, 1
6444, 1
6445, 1
6446, 1
6447, 1
6544, 1
6545, 1
6546, 1
6547, 1
6548, 1
6549, 1
6550, 1
6551, 1
6552, 1
6553, 1
6554, 1
6555, 1
6556, 1
6557, 1
6558, 1
6559, 1
6560, 1
6561, 1
6562, 1
6563, 1
6564, 1
6565, 1
6566, 1
6567, 1
6568, 1
6569, 1
6570, 1
6571, 1
6572, 1
6573, 1
6574, 1
6575, 1
8240, 1
8241, 1
8242, 1
8243, 1
8244, 1
8245, 1
8246, 1
8247, 1
8248, 1
8249, 1
8250, 1
8251, 1
8252, 1
8253, 1
8254, 1
8255, 1
8256, 1
8257, 1
8258, 1
8259, 1
8260, 1
8261, 1
8262, 1
8263, 1
8264, 1
8265, 1
8266, 1
8267, 1
8268, 1
8269, 1
8270, 1
8271, 1
4624, 1
4625, 1
4626, 1
4627, 1
4628, 1
4629, 1
4630, 1
4631, 1
4632, 1
4633, 1
4634, 1
4635, 1
4636, 1
4637, 1
4638, 1
4639, 1
4640, 1
4641, 1
4642, 1
4643, 1
4644, 1
4645, 1
4646, 1
4647, 1
4648, 1
4649, 1
4650, 1
4651, 1
4652, 1
4653, 1
4654, 1
4655, 1
9856, 1
9857, 1
9858, 1
9859, 1
9860, 1
9861, 1
9862, 1
9863, 1
9864, 1
9865, 1
9866, 1
9867, 1
9868, 1
9869, 1
9870, 1
9871, 1
9872, 1
9873, 1
9874, 1
9875, 1
9876, 1
9877, 1
9878, 1
9879, 1
9880, 1
9881, 1
9882, 1
9883, 1
9884, 1
9885, 1
9886, 1
9887, 1
3856, 1
3857, 1
3858, 1
3859, 1
3860, 1
3861, 1
3862, 1
3863, 1
3864, 1
3865, 1
3866, 1
3867, 1
3868, 1
3869, 1
3870, 1
3871, 1
3872, 1
3873, 1
3874, 1
3875, 1
3876, 1
3877, 1
3878, 1
3879, 1
3880, 1
3881, 1
3882, 1
3883, 1
3884, 1
3885, 1
3886, 1
3887, 1
4496, 1
4497, 1
4498, 1
4499, 1
4500, 1
4501, 1
4502, 1
4503, 1
4504, 1
4505, 1
4506, 1
4507, 1
4508, 1
4509, 1
4510, 1
4511, 1
4512, 1
4513, 1
4514, 1
4515, 1
4516, 1
4517, 1
4518, 1
4519, 1
4520, 1
4521, 1
4522, 1
4523, 1
4524, 1
4525, 1
4526, 1
4527, 1
2384, 1
2385, 1
2386, 1
2387, 1
2388, 1
2389, 1
2390, 1
2391, 1
2392, 1
2393, 1
2394, 1
2395, 1
2396, 1
2397, 1
2398, 1
2399, 1
2400, 1
2401, 1
2402, 1
2403, 1
2404, 1
2405, 1
2406, 1
2407, 1
2408, 1
2409, 1
2410, 1
2411, 1
2412, 1
2413, 1
2414, 1
2415, 1
6480, 1
6481, 1
6482, 1
6483, 1
6484, 1
6485, 1
6486, 1
6487, 1
6488, 1
6489, 1
6490, 1
6491, 1
6492, 1
6493, 1
6494, 1
6495, 1
6496, 1
6497, 1
6498, 1
6499, 1
6500, 1
6501, 1
6502, 1
6503, 1
6504, 1
6505, 1
6506, 1
6507, 1
6508, 1
6509, 1
6510, 1
6511, 1
2448, 1
2449, 1
2450, 1
2451, 1
2452, 1
2453, 1
2454, 1
2455, 1
2456, 1
2457, 1
2458, 1
2459, 1
2460, 1
2461, 1
2462, 1
2463, 1
2464, 1
2465, 1
2466, 1
2467, 1
2468, 1
2469, 1
2470, 1
2471, 1
2472, 1
2473, 1
2474, 1
2475, 1
2476, 1
2477, 1
2478, 1
2479, 1
2256, 1
2257, 1
2258, 1
2259, 1
2260, 1
2261, 1
2262, 1
2263, 1
2264, 1
2265, 1
2266, 1
2267, 1
2268, 1
2269, 1
2270, 1
2271, 1
2272, 1
2273, 1
2274, 1
2275, 1
2276, 1
2277, 1
2278, 1
2279, 1
2280, 1
2281, 1
2282, 1
2283, 1
2284, 1
2285, 1
2286, 1
2287, 1
9696, 1
9697, 1
9698, 1
9699, 1
9700, 1
9701, 1
9702, 1
9703, 1
9704, 1
9705, 1
9706, 1
9707, 1
9708, 1
9709, 1
9710, 1
9711, 1
9712, 1
9713, 1
9714, 1
9715, 1
9716, 1
9717, 1
9718, 1
9719, 1
9720, 1
9721, 1
9722, 1
9723, 1
9724, 1
9725, 1
9726, 1
9727, 1
4368, 1
4369, 1
4370, 1
4371, 1
4372, 1
4373, 1
4374, 1
4375, 1
4376, 1
4377, 1
4378, 1
4379, 1
4380, 1
4381, 1
4382, 1
4383, 1
4384, 1
4385, 1
4386, 1
4387, 1
4388, 1
4389, 1
4390, 1
4391, 1
4392, 1
4393, 1
4394, 1
4395, 1
4396, 1
4397, 1
4398, 1
4399, 1
3984, 1
3985, 1
3986, 1
3987, 1
3988, 1
3989, 1
3990, 1
3991, 1
3992, 1
3993, 1
3994, 1
3995, 1
3996, 1
3997, 1
3998, 1
3999, 1
4000, 1
4001, 1
4002, 1
4003, 1
4004, 1
4005, 1
4006, 1
4007, 1
4008, 1
4009, 1
4010, 1
4011, 1
4012, 1
4013, 1
4014, 1
4015, 1
8144, 1
8145, 1
8146, 1
8147, 1
8148, 1
8149, 1
8150, 1
8151, 1
8152, 1
8153, 1
8154, 1
8155, 1
8156, 1
8157, 1
8158, 1
8159, 1
8160, 1
8161, 1
8162, 1
8163, 1
8164, 1
8165, 1
8166, 1
8167, 1
8168, 1
8169, 1
8170, 1
8171, 1
8172, 1
8173, 1
8174, 1
8175, 1
6096, 1
6097, 1
6098, 1
6099, 1
6100, 1
6101, 1
6102, 1
6103, 1
6104, 1
6105, 1
6106, 1
6107, 1
6108, 1
6109, 1
6110, 1
6111, 1
6112, 1
6113, 1
6114, 1
6115, 1
6116, 1
6117, 1
6118, 1
6119, 1
6120, 1
6121, 1
6122, 1
6123, 1
6124, 1
6125, 1
6126, 1
6127, 1
4432, 1
4433, 1
4434, 1
4435, 1
4436, 1
4437, 1
4438, 1
4439, 1
4440, 1
4441, 1
4442, 1
4443, 1
4444, 1
4445, 1
4446, 1
4447, 1
4448, 1
4449, 1
4450, 1
4451, 1
4452, 1
4453, 1
4454, 1
4455, 1
4456, 1
4457, 1
4458, 1
4459, 1
4460, 1
4461, 1
4462, 1
4463, 1
4016, 1
4017, 1
4018, 1
4019, 1
4020, 1
4021, 1
4022, 1
4023, 1
4024, 1
4025, 1
4026, 1
4027, 1
4028, 1
4029, 1
4030, 1
4031, 1
4032, 1
4033, 1
4034, 1
4035, 1
4036, 1
4037, 1
4038, 1
4039, 1
4040, 1
4041, 1
4042, 1
4043, 1
4044, 1
4045, 1
4046, 1
4047, 1
8272, 1
8273, 1
8274, 1
8275, 1
8276, 1
8277, 1
8278, 1
8279, 1
8280, 1
8281, 1
8282, 1
8283, 1
8284, 1
8285, 1
8286, 1
8287, 1
8288, 1
8289, 1
8290, 1
8291, 1
8292, 1
8293, 1
8294, 1
8295, 1
8296, 1
8297, 1
8298, 1
8299, 1
8300, 1
8301, 1
8302, 1
8303, 1
2288, 1
2289, 1
2290, 1
2291, 1
2292, 1
2293, 1
2294, 1
2295, 1
2296, 1
2297, 1
2298, 1
2299, 1
2300, 1
2301, 1
2302, 1
2303, 1
2304, 1
2305, 1
2306, 1
2307, 1
2308, 1
2309, 1
2310, 1
2311, 1
2312, 1
2313, 1
2314, 1
2315, 1
2316, 1
2317, 1
2318, 1
2319, 1
6352, 1
6353, 1
6354, 1
6355, 1
6356, 1
6357, 1
6358, 1
6359, 1
6360, 1
6361, 1
6362, 1
6363, 1
6364, 1
6365, 1
6366, 1
6367, 1
6368, 1
6369, 1
6370, 1
6371, 1
6372, 1
6373, 1
6374, 1
6375, 1
6376, 1
6377, 1
6378, 1
6379, 1
6380, 1
6381, 1
6382, 1
6383, 1
4336, 1
4337, 1
4338, 1
4339, 1
4340, 1
4341, 1
4342, 1
4343, 1
4344, 1
4345, 1
4346, 1
4347, 1
4348, 1
4349, 1
4350, 1
4351, 1
4352, 1
4353, 1
4354, 1
4355, 1
4356, 1
4357, 1
4358, 1
4359, 1
4360, 1
4361, 1
4362, 1
4363, 1
4364, 1
4365, 1
4366, 1
4367, 1
6160, 1
6161, 1
6162, 1
6163, 1
6164, 1
9541, 1
9542, 1
9543, 1
9544, 1
9545, 1
9546, 1
9547, 1
9548, 1
9549, 1
9550, 1
9551, 1
9552, 1
9553, 1
9554, 1
9555, 1
9556, 1
9557, 1
9558, 1
9559, 1
9560, 1
9561, 1
9562, 1
9563, 1
9564, 1
9565, 1
9566, 1
9567, 1
9472, 1
9473, 1
9474, 1
9475, 1
9476, 1
9477, 1
9478, 1
9479, 1
9480, 1
9481, 1
9482, 1
9483, 1
9484, 1
9485, 1
9486, 1
9487, 1
9488, 1
9489, 1
9490, 1
9491, 1
9492, 1
9493, 1
9494, 1
9495, 1
9496, 1
9497, 1
9498, 1
9499, 1
9500, 1
9501, 1
9502, 1
9503, 1
9408, 1
9409, 1
9410, 1
9411, 1
9412, 1
9413, 1
9414, 1
9415, 1
9416, 1
9417, 1
9418, 1
9419, 1
9420, 1
9421, 1
9422, 1
9423, 1
9424, 1
9425, 1
9426, 1
9427, 1
9428, 1
9429, 1
9430, 1
9431, 1
9432, 1
9433, 1
9434, 1
9435, 1
9436, 1
9437, 1
9438, 1
9439, 1
9856, 1
9857, 1
9858, 1
9859, 1
9860, 1
9861, 1
9862, 1
9863, 1
9864, 1
9865, 1
9866, 1
9867, 1
9868, 1
9869, 1
9870, 1
9871, 1
9872, 1
9873, 1
9874, 1
9875, 1
9876, 1
9877, 1
9878, 1
9879, 1
9880, 1
9881, 1
9882, 1
9883, 1
9884, 1
9885, 1
9886, 1
9887, 1
9888, 1
9889, 1
9890, 1
9891, 1
9892, 1
9893, 1
9894, 1
9895, 1
9896, 1
9897, 1
9898, 1
9899, 1
9900, 1
9901, 1
9902, 1
9903, 1
9904, 1
9905, 1
9906, 1
9907, 1
9908, 1
9909, 1
9910, 1
9911, 1
9912, 1
9913, 1
9914, 1
9915, 1
9916, 1
9917, 1
9918, 1
9919, 1
9728, 1
9729, 1
9730, 1
9731, 1
9732, 1
9733, 1
9734, 1
9735, 1
9736, 1
9737, 1
9738, 1
9739, 1
9740, 1
9741, 1
9742, 1
9743, 1
9744, 1
9745, 1
9746, 1
9747, 1
9748, 1
9749, 1
9750, 1
9751, 1
9752, 1
9753, 1
9754, 1
9755, 1
9756, 1
9757, 1
9758, 1
9759, 1
9760, 1
9761, 1
9762, 1
9763, 1
9764, 1
9765, 1
9766, 1
9767, 1
9768, 1
9769, 1
9770, 1
9771, 1
9772, 1
9773, 1
9774, 1
9775, 1
9776, 1
9777, 1
9778, 1
9779, 1
9780, 1
9781, 1
9782, 1
9783, 1
9784, 1
9785, 1
9786, 1
9787, 1
9788, 1
9789, 1
9790, 1
9791, 1
9792, 1
9793, 1
9794, 1
9795, 1
9796, 1
9797, 1
9798, 1
9799, 1
9800, 1
9801, 1
9802, 1
9803, 1
9804, 1
9805, 1
9806, 1
9807, 1
9808, 1
9809, 1
9810, 1
9811, 1
9812, 1
9813, 1
9814, 1
9815, 1
9816, 1
9817, 1
9818, 1
9819, 1
9820, 1
9821, 1
9822, 1
9823, 1
9664, 1
9665, 1
9666, 1
9667, 1
9668, 1
9669, 1
9670, 1
9671, 1
9672, 1
9673, 1
9674, 1
9675, 1
9676, 1
9677, 1
9678, 1
9679, 1
9680, 1
9681, 1
9682, 1
9683, 1
9684, 1
9685, 1
9686, 1
9687, 1
9688, 1
9689, 1
9690, 1
9691, 1
9692, 1
9693, 1
9694, 1
9695, 1
9824, 1
9825, 1
9826, 1
9827, 1
9828, 1
9829, 1
9830, 1
9831, 1
9832, 1
9833, 1
9834, 1
9835, 1
9836, 1
9837, 1
9838, 1
9839, 1
9840, 1
9841, 1
9842, 1
9843, 1
9844, 1
9845, 1
9846, 1
9847, 1
9848, 1
9849, 1
9850, 1
9851, 1
9852, 1
9853, 1
9854, 1
9855, 1
9696, 1
9697, 1
9698, 1
9699, 1
9700, 1
9701, 1
9702, 1
9703, 1
9704, 1
9705, 1
9706, 1
9707, 1
9708, 1
9709, 1
9710, 1
9711, 1
9712, 1
9713, 1
9714, 1
9715, 1
9716, 1
9717, 1
9718, 1
9719, 1
9720, 1
9721, 1
9722, 1
9723, 1
9724, 1
9725, 1
9726, 1
9727, 1
9984, 1
9985, 1
9986, 1
9987, 1
9988, 1
9989, 1
9990, 1
9991, 1
9992, 1
9993, 1
9994, 1
9995, 1
9996, 1
9997, 1
9998, 1
9999, 1
9920, 1
9921, 1
9922, 1
9923, 1
9924, 1
9925, 1
9926, 1
9927, 1
9928, 1
9929, 1
9930, 1
9931, 1
9932, 1
9933, 1
9934, 1
9935, 1
9936, 1
9937, 1
9938, 1
9939, 1
9940, 1
9941, 1
9942, 1
9943, 1
9944, 1
9945, 1
9946, 1
9947, 1
9948, 1
9949, 1
9950, 1
9951, 1
9952, 1
9953, 1
9954, 1
9955, 1
9956, 1
9957, 1
9958, 1
9959, 1
9960, 1
9961, 1
9962, 1
9963, 1
9964, 1
9965, 1
9966, 1
9967, 1
9968, 1
9969, 1
9970, 1
9971, 1
9972, 1
9973, 1
9974, 1
9975, 1
9976, 1
9977, 1
9978, 1
9979, 1
9980, 1
9981, 1
9982, 1
9983, 1
Success!
